25
23 3 7
17 14 9
6 4 3
19 9 2
20 22 2
5 22 6
1 24 2
24 12 2
24 21 6
5 8 4
14 5 1
9 15 9
20 8 4
2 12 3
4 19 2
19 0 3
6 0 6
2 11 2
7 16 3
8 1 5
23 6 8
23 16 8
8 21 3
14 4 8
14 1 3
19 3 5
10 3 6
10 5 1
7 24 6
23 9 1
23 5 3
7 2 5
10 14 5
17 21 1
20 4 6
8 9 4
2 8 4
20 17 1
6 20 5
3 14 3
22 21 4
18 15 5
3 13 1
15 17 3
9 11 2
11 21 6
20 5 4
3 17 2
6 12 9
3 21 7
3 20 7
5 9 7
13 18 9
11 6 3
23 24 4
12 22 6
2 3 6
18 10 2
6 18 2
20 18 3
10 4 7
16 5 4
16 9 2
15 10 4
20 14 5
3 7 7
21 1 6
15 21 5
18 0 1
7 21 8
17 0 2
20 9 5
6 5 7
4 5 5
19 12 2
19 16 4
18 21 7
13 21 6
23 18 5
19 13 4
12 7 4
23 8 5
4 23 8
8 13 2
2 19 7
12 16 7
14 19 3
5 17 3
5 12 2
14 21 4
9 18 6
23 11 7
17 1 7
12 8 8
16 24 8
12 3 1
1 13 5
21 4 6
23 2 5
22 24 9
4 8 2
15 7 3
3 9 5
24 11 7
22 6 1
1 0 7
12 0 3
7 5 8
2 20 1
20 19 6
9 0 7
10 0 1
1 22 1
1 15 8
19 6 4
7 13 4
11 7 2
23 1 6
6 7 1
23 19 7
22 15 2
9 17 3
11 10 7
19 18 5
17 8 4
13 2 1
10 7 1
5 13 4
2 17 9
8 18 9
19 10 8
0 11 5
16 11 1
8 15 7
17 6 5
2 14 8
24 17 8
13 15 6
4 0 1
9 21 3
24 4 7
18 11 3
23 0 2
2 24 7
5 18 5
22 19 1
11 22 4
12 18 3
4 13 1
3 4 9
7 4 9
16 15 4
6 16 7
7 18 6
4 2 1
16 18 6
15 0 3
16 21 7
10 24 8
12 14 8
19 8 8
24 3 4
17 16 7
14 23 5
5 3 3
4 18 7
14 0 8
9 10 6
9 13 7
2 6 3
5 2 5
14 9 7
24 0 2
7 14 8
7 22 4
1 16 1
20 24 2
20 11 6
2 10 7
0 13 8
13 12 8
5 24 5
16 22 7
2 9 4
6 13 6
3 8 8
20 13 7
11 17 8
11 15 4
8 10 7
2 1 7
7 9 9
18 14 9
1 18 7
21 12 3
10 23 6
15 19 9
2 21 4
4 16 9
16 3 4
3 6 4
15 6 2
9 12 9
7 20 9
24 9 2
10 22 7
13 10 5
6 14 5
7 17 8
13 11 5
19 1 3
4 15 5
15 23 2
22 13 4
2 18 6
10 16 2
22 23 2
8 11 2
19 5 9
11 12 4
19 11 8
22 2 9
16 20 1
18 24 4
17 19 2
5 11 2
12 23 2
20 15 5
22 14 2
1 9 4
17 10 5
20 10 9
8 24 8
17 12 9
8 0 9
19 7 5
8 22 6
13 14 1
6 24 3
17 18 2
14 16 1
17 4 9
5 15 3
15 12 5
3 11 6
1 3 1
5 21 8
17 13 8
22 9 1
24 13 1
0 2 2
3 22 3
3 15 9
11 1 2
9 4 4
22 0 9
19 24 9
21 0 6
1 12 9
16 13 1
16 2 9
3 0 1
23 20 2
20 1 8
14 8 9
10 12 7
0 16 3
5 1 4
1 4 7
1 7 3
20 0 7
4 11 7
23 17 5
14 11 7
14 15 7
22 17 4
14 24 3
18 3 1
21 23 7
22 18 5
22 4 2
23 7 4
6 8 7
6 9 8
15 2 4
5 0 7
24 15 2
21 10 1
0 7 8
16 8 9
20 12 6
1 6 9
4 12 8
8 7 4
21 19 4
20 21 7
6 21 3
6 10 7
23 13 9
1 10 1
