125
106 111 7
24 21 6
81 71 9
6 96 9
46 17 5
39 78 5
59 80 1
10 98 8
47 19 9
108 8 5
104 69 7
24 9 6
17 39 7
45 62 9
16 77 5
32 53 2
31 114 8
64 122 5
26 16 9
25 47 6
98 59 6
45 79 6
61 90 8
117 73 6
93 124 5
112 47 4
116 50 3
102 104 7
8 34 4
78 109 3
122 47 3
70 118 4
71 44 4
38 105 4
100 122 8
108 2 2
87 72 9
37 118 8
63 27 3
101 88 4
105 53 7
106 11 2
122 48 6
59 119 2
57 98 5
59 112 6
85 27 2
104 37 2
43 59 5
9 67 7
17 85 8
81 46 1
44 3 1
92 45 9
91 97 1
11 32 6
56 14 6
72 10 1
35 67 1
51 112 6
65 107 6
84 46 3
86 76 1
54 16 5
117 68 5
55 44 2
1 113 5
18 90 4
51 109 3
28 68 7
110 24 2
116 101 2
9 0 4
111 30 3
68 30 5
15 42 1
121 57 4
59 22 4
115 99 8
53 92 7
30 114 5
84 86 9
3 124 6
50 3 3
21 4 5
7 98 5
29 86 2
47 89 6
6 82 2
94 68 2
25 120 5
41 70 8
120 115 3
8 9 7
103 121 5
85 81 2
104 20 4
97 73 4
103 86 4
93 12 1
108 29 5
30 122 8
95 3 3
36 50 2
107 58 3
97 0 5
52 7 1
74 92 3
65 3 7
118 19 9
42 99 9
105 8 5
87 60 4
88 80 4
12 50 3
70 54 8
17 105 3
120 109 3
17 93 2
65 68 6
93 73 4
96 40 9
76 122 8
104 50 8
106 41 8
88 46 6
33 94 9
97 113 9
68 91 5
42 71 1
104 96 3
97 50 3
124 82 4
44 105 7
78 77 1
66 108 8
109 8 6
38 52 8
118 63 4
114 105 3
32 119 2
110 113 8
54 62 5
40 121 6
95 67 5
50 49 2
40 106 4
26 44 7
72 85 8
117 13 8
13 85 7
62 19 8
92 30 1
34 102 7
45 63 3
24 30 8
46 117 5
47 17 6
71 73 4
24 14 3
54 124 8
40 47 5
56 85 9
37 68 6
101 48 3
45 58 9
66 48 5
56 108 9
60 9 7
27 43 3
38 117 1
20 81 4
20 87 8
16 94 1
81 107 1
1 83 8
90 77 3
77 86 3
69 50 7
60 105 8
19 8 5
5 2 9
54 80 2
86 63 7
37 60 7
69 46 5
110 54 9
0 73 5
50 113 1
26 47 5
110 22 6
24 74 9
66 28 5
50 19 8
66 119 5
41 29 2
115 2 9
86 43 1
121 19 3
67 99 6
97 117 9
80 52 9
2 106 5
82 114 9
40 79 4
52 122 3
50 80 8
56 12 2
58 54 5
48 4 7
48 105 9
27 97 3
113 107 3
30 8 1
15 76 9
5 50 7
116 88 5
111 84 5
101 38 7
89 116 6
17 2 7
90 85 4
4 100 4
105 81 3
122 68 3
77 104 9
61 43 3
1 36 5
72 113 7
74 86 2
101 60 9
95 24 6
76 110 2
95 19 7
45 15 4
12 108 4
104 7 9
5 89 9
73 9 3
108 107 4
121 33 2
19 109 1
14 77 8
39 110 6
29 30 4
17 68 2
67 102 1
25 93 1
107 49 9
20 124 6
119 34 9
66 81 9
68 50 4
85 1 2
65 82 4
67 18 5
41 18 8
107 97 1
50 118 7
119 4 8
34 106 9
64 75 4
121 36 9
33 59 4
90 60 1
18 106 5
50 72 3
75 68 8
16 39 8
86 73 8
29 55 1
43 112 6
52 92 7
80 53 6
0 18 9
116 118 4
17 91 7
60 79 9
76 105 7
71 84 3
88 30 3
27 99 9
117 120 4
16 111 9
98 69 4
84 81 7
32 100 3
75 41 2
5 43 2
37 15 6
32 18 7
1 118 2
30 21 1
42 6 6
52 36 2
113 48 1
15 86 3
75 86 7
16 78 2
64 26 5
111 110 2
17 107 7
82 30 4
72 41 8
41 6 7
85 93 3
40 41 4
61 62 1
58 123 3
101 109 8
30 71 9
31 82 5
94 85 8
41 17 8
36 90 5
51 1 4
110 58 7
51 18 3
44 0 4
6 108 6
119 55 3
16 80 9
25 68 8
6 85 2
89 121 4
29 17 3
16 5 4
123 55 7
37 55 1
53 67 8
86 36 5
83 31 9
55 17 3
117 112 8
45 7 5
101 31 8
67 0 8
62 84 8
69 64 7
54 32 4
78 88 2
61 77 3
85 41 1
71 37 8
74 80 8
57 111 3
110 53 1
39 89 3
77 53 8
59 23 3
77 47 8
87 17 4
68 39 6
63 84 9
72 103 4
5 49 2
78 103 5
124 14 3
18 10 4
49 124 8
32 80 1
7 53 3
106 35 9
93 98 4
54 94 7
56 36 9
19 21 6
0 16 8
114 11 4
85 102 5
43 8 6
45 120 6
45 48 2
57 119 4
116 21 5
76 26 4
105 78 8
63 64 2
9 87 4
16 118 2
118 74 2
43 11 3
5 36 6
123 66 4
88 106 6
27 37 1
96 72 9
44 85 7
116 16 2
78 102 6
87 86 6
113 60 3
52 32 6
80 91 6
88 117 9
16 32 9
32 27 6
5 77 3
109 21 5
15 9 3
53 99 4
8 111 5
52 2 5
39 54 8
52 29 3
75 62 3
9 30 7
51 105 6
49 113 1
13 115 4
107 71 5
50 109 3
87 117 7
47 21 4
12 115 4
19 115 1
92 101 9
43 28 2
49 46 3
28 108 9
66 122 9
124 57 6
29 79 5
12 84 5
48 63 2
29 58 3
33 81 6
99 12 4
86 71 9
42 120 6
74 111 8
89 23 1
63 46 4
67 41 9
28 79 3
66 11 6
122 4 3
81 12 4
22 82 6
11 123 4
5 82 2
65 69 6
50 56 4
63 33 4
80 62 7
123 19 3
102 14 7
83 103 1
32 72 5
83 3 5
25 122 3
19 97 9
18 97 9
72 57 9
63 93 1
51 68 3
48 13 1
16 10 3
120 84 7
115 69 3
25 32 8
65 13 1
33 36 8
27 103 8
44 115 1
8 72 7
49 66 3
106 121 5
45 75 4
51 57 7
57 5 2
106 84 8
84 70 7
47 55 6
15 79 1
45 98 3
42 41 8
38 75 8
38 121 2
52 14 6
46 104 2
101 26 5
70 0 4
38 99 6
10 87 3
80 99 6
10 122 2
14 39 2
54 46 4
118 101 8
89 36 8
107 24 5
105 0 4
48 44 8
97 88 1
57 116 1
92 40 5
42 58 8
116 44 6
29 93 4
43 42 1
20 33 4
41 82 1
34 97 8
75 93 5
93 55 8
104 51 1
20 88 7
101 7 9
86 120 5
104 112 4
50 119 2
104 54 8
105 34 6
31 119 3
18 111 5
124 29 7
123 29 7
119 64 5
44 36 7
82 9 5
99 40 2
83 0 6
114 66 8
94 109 9
43 31 5
51 5 6
24 49 4
35 93 4
81 70 1
98 71 6
4 81 2
85 65 2
27 45 1
27 107 9
110 16 5
35 34 6
28 112 4
80 18 2
18 122 8
81 52 8
7 66 9
42 68 3
73 67 8
51 26 5
37 40 4
8 10 5
20 109 2
68 4 8
28 51 8
16 113 9
97 32 2
6 88 7
42 44 4
49 33 1
69 103 7
43 40 5
15 84 8
77 109 9
113 96 4
95 78 7
124 10 6
86 34 5
67 12 4
105 113 6
76 18 6
28 3 6
118 72 2
87 102 8
45 38 4
25 110 4
99 31 6
0 86 8
105 19 6
122 23 1
100 29 4
16 72 4
113 67 5
93 62 8
123 20 2
123 71 7
71 54 5
122 40 6
20 120 6
26 37 3
115 23 6
43 78 5
82 81 3
95 68 8
79 62 2
47 101 3
65 29 8
13 57 9
67 79 5
73 51 7
34 120 3
64 65 6
40 63 5
80 86 3
78 31 8
67 104 3
49 104 1
77 105 9
32 22 1
97 26 8
66 99 4
89 12 6
2 83 6
81 68 1
17 118 5
29 113 3
29 77 4
53 22 2
32 104 9
61 16 1
55 7 4
71 49 4
23 54 9
30 31 3
29 117 8
103 87 4
49 108 4
43 90 7
38 88 6
20 21 2
19 56 6
31 17 3
94 69 3
98 29 9
102 72 4
107 109 5
106 10 6
88 64 7
87 32 6
122 9 2
119 20 5
47 69 6
88 111 1
59 51 8
65 115 3
0 87 7
76 94 2
12 91 3
30 41 3
123 86 6
75 61 2
5 79 2
119 95 3
110 57 5
64 113 8
15 87 1
34 51 1
17 64 7
110 62 9
79 26 6
121 32 2
70 1 8
14 81 6
103 106 7
61 54 2
33 17 6
45 55 1
54 59 5
87 5 3
117 11 6
14 78 1
121 105 1
122 101 7
21 97 9
51 12 9
116 66 8
67 114 1
2 25 6
79 94 1
68 100 2
14 44 7
94 115 8
20 74 2
33 9 1
124 61 9
90 37 7
40 83 6
0 75 2
93 90 8
99 119 5
106 58 5
60 18 9
32 81 7
94 44 4
6 46 1
76 44 4
61 82 5
25 92 3
101 98 3
7 100 2
46 50 9
93 48 1
109 48 1
108 53 1
20 53 1
47 42 1
45 102 9
19 116 8
0 1 1
61 81 2
12 33 3
50 55 7
7 69 7
29 49 8
4 16 8
52 11 2
23 39 6
107 47 1
103 57 5
86 8 8
15 83 7
5 108 3
52 5 6
113 40 1
97 93 5
124 103 3
123 72 9
111 53 9
50 41 4
55 11 3
30 54 1
11 85 1
78 91 9
55 40 4
48 58 5
73 90 6
5 8 8
103 30 8
34 11 3
52 10 9
42 32 1
69 80 8
120 81 4
28 82 3
17 7 9
27 3 3
78 117 1
74 115 3
50 22 1
90 39 2
57 19 6
28 74 6
17 36 9
9 29 6
73 59 5
88 39 9
21 96 1
19 101 6
58 64 6
3 119 1
74 110 5
71 34 9
28 45 1
107 9 4
13 87 3
23 11 5
64 48 6
13 103 8
75 37 2
84 122 5
34 16 6
85 49 4
7 115 9
15 117 8
56 11 7
53 102 4
90 109 2
89 112 1
36 46 6
20 68 8
4 11 7
112 35 4
29 67 8
40 42 8
110 48 9
103 23 8
99 116 3
117 83 9
114 9 9
88 1 9
19 113 7
31 37 9
52 118 6
71 12 5
85 57 5
77 113 8
33 89 2
109 72 2
6 84 8
4 63 6
56 44 1
35 17 6
91 62 5
2 10 7
66 15 3
19 110 1
28 92 9
102 106 7
30 97 2
73 61 3
18 46 9
22 109 9
77 103 7
113 9 8
80 41 8
89 50 6
8 95 9
102 101 2
39 121 6
94 108 2
76 68 1
89 81 6
46 122 8
20 85 9
54 122 1
43 101 1
84 29 6
110 104 1
41 105 9
111 37 4
106 116 1
40 120 7
34 62 2
1 52 6
97 69 2
92 9 5
27 33 1
41 114 7
89 96 7
112 72 6
32 111 6
4 109 5
99 6 1
34 103 3
102 77 9
2 62 8
34 52 7
70 73 1
101 44 3
0 110 7
7 87 5
80 26 2
72 14 9
111 85 7
114 109 4
44 61 4
62 94 6
121 41 9
18 110 1
54 36 3
87 39 8
74 48 5
116 40 3
68 3 2
103 119 7
41 66 3
14 41 1
2 112 5
113 44 7
7 63 6
8 23 9
6 91 5
104 9 3
23 85 6
38 43 6
45 101 2
53 95 9
33 32 1
12 116 4
57 10 5
96 9 8
30 5 7
31 65 3
46 1 5
78 72 8
67 124 7
110 40 2
43 20 4
52 124 6
121 96 8
56 72 8
40 85 8
9 95 7
20 40 2
10 65 8
7 117 9
42 53 8
98 82 9
68 72 7
73 114 2
93 102 5
34 25 5
15 20 7
25 7 4
62 10 6
121 120 9
48 108 2
84 102 7
33 111 3
101 104 5
28 110 8
34 68 1
88 103 7
10 103 1
118 89 6
32 29 8
69 36 6
45 20 6
73 25 8
44 78 3
56 76 5
123 33 9
15 3 6
52 101 5
21 7 1
16 22 6
103 62 5
46 121 4
33 62 7
29 73 1
77 4 7
20 106 9
29 106 2
21 38 6
45 64 4
5 39 5
3 56 4
61 113 2
119 37 2
77 93 7
39 9 9
18 78 2
37 58 3
40 89 3
83 120 4
74 44 6
91 88 4
4 65 5
108 14 7
70 13 8
14 113 9
48 39 9
1 38 9
22 33 7
6 51 2
54 48 3
28 119 4
107 91 7
2 124 5
72 17 6
0 26 6
99 8 5
60 114 6
91 113 7
72 44 6
79 120 7
78 57 8
74 57 8
116 11 9
66 13 1
77 8 6
61 49 1
72 45 7
56 99 4
105 75 7
62 107 5
62 37 2
24 3 3
68 1 1
23 66 3
45 22 2
8 79 4
30 44 3
15 120 9
64 104 4
3 69 6
78 11 7
35 50 7
46 106 5
121 4 1
58 63 5
17 111 2
49 102 4
25 40 2
51 84 3
101 65 6
121 15 8
34 80 4
16 41 1
110 30 3
115 117 1
79 25 7
62 7 2
28 1 2
4 27 8
67 3 8
121 111 3
22 101 7
96 56 4
115 54 3
105 111 1
19 79 9
72 38 6
56 100 6
69 11 1
33 50 8
52 76 7
113 85 1
28 57 4
121 91 2
63 105 4
77 23 8
23 81 3
110 83 1
69 23 1
29 56 8
56 79 1
110 29 8
6 11 5
52 83 8
106 21 9
62 95 1
30 25 3
37 121 1
36 59 7
59 78 4
27 105 8
114 51 7
89 30 2
49 118 7
110 52 9
28 35 5
54 41 5
117 122 3
122 8 5
70 46 7
18 68 9
70 69 8
13 38 5
72 37 5
46 8 8
124 33 9
77 66 5
108 86 2
38 89 5
18 94 7
0 20 3
124 53 7
92 18 4
89 46 8
87 58 9
16 102 5
56 67 2
4 52 7
116 64 8
65 113 8
121 56 1
105 122 1
107 61 9
48 30 5
53 78 7
30 98 7
7 13 9
100 99 4
5 13 4
95 13 8
73 119 9
3 42 3
60 96 8
118 60 3
91 51 1
42 96 6
69 22 7
109 23 7
105 40 9
35 7 7
105 119 3
109 12 4
97 90 1
22 18 7
12 103 2
99 72 6
47 57 4
14 33 5
57 70 5
23 119 1
121 20 3
90 29 8
29 50 9
15 27 4
7 33 3
110 92 1
121 44 6
51 19 3
55 117 2
107 41 8
26 54 3
16 21 9
42 117 1
85 58 7
20 55 7
42 103 6
0 8 1
54 100 7
119 79 8
48 32 6
50 123 7
27 46 5
64 15 3
41 60 7
70 104 9
81 47 1
37 95 3
95 57 4
78 100 2
73 53 9
92 44 2
82 115 1
87 31 3
53 109 6
72 107 9
56 87 8
74 58 2
19 54 5
61 102 5
22 67 9
93 50 4
71 67 9
111 101 6
88 62 5
124 69 6
78 84 9
112 0 6
69 77 3
10 69 3
34 87 4
6 98 1
49 32 1
54 65 7
76 53 6
66 93 6
107 69 4
110 13 1
56 124 4
48 21 8
49 34 6
80 123 7
52 95 2
64 41 2
39 7 5
68 83 8
59 92 8
80 104 8
55 62 9
114 65 5
48 94 8
12 52 5
10 88 7
115 0 9
75 7 4
36 73 7
60 22 3
5 54 2
94 105 2
20 101 4
76 96 7
107 40 9
47 23 6
91 14 8
50 63 1
44 39 7
40 29 5
109 119 4
88 99 6
5 120 2
18 114 1
119 5 8
86 57 7
85 14 4
118 13 5
69 54 9
58 93 7
63 16 7
116 85 9
95 50 2
115 93 6
92 123 4
52 9 3
42 14 9
21 79 3
96 83 2
54 44 3
116 10 3
59 2 8
55 5 7
101 100 4
35 87 4
106 93 3
99 96 5
73 84 5
42 111 3
31 61 5
55 46 1
121 42 8
92 107 5
116 23 3
15 93 2
73 50 9
114 52 8
56 77 5
88 94 9
46 20 1
110 72 1
14 37 3
102 24 6
95 80 3
121 102 1
41 63 1
122 14 7
20 113 6
76 65 4
8 85 6
11 74 8
7 41 1
82 14 4
15 89 5
47 46 5
14 86 9
2 100 2
60 72 8
46 64 6
112 108 2
76 45 2
61 111 5
51 115 8
111 60 1
63 101 3
50 58 9
22 100 1
0 2 4
65 44 2
108 40 3
123 69 3
115 43 8
98 63 7
23 91 2
32 9 3
14 54 9
19 94 1
35 121 5
98 75 8
58 119 3
61 6 6
6 14 1
13 100 2
96 111 8
9 41 3
62 1 6
64 40 9
71 79 5
9 70 1
94 1 7
122 95 1
73 76 1
95 99 3
122 24 7
117 20 8
52 21 2
113 122 6
111 63 5
117 2 8
16 66 6
90 78 9
7 48 6
65 97 8
91 118 1
38 95 2
56 28 8
3 43 7
56 86 4
56 4 6
104 93 9
11 14 3
9 6 9
28 44 6
93 10 1
85 24 8
100 98 6
4 26 4
90 104 9
102 73 5
106 87 5
68 61 9
39 64 5
68 59 9
100 97 9
0 49 9
33 103 7
73 124 7
66 33 5
120 76 2
47 4 7
100 33 6
3 54 6
124 15 8
88 37 4
99 7 2
6 119 1
87 101 6
68 64 3
69 1 2
87 62 2
70 51 7
49 62 9
119 84 4
80 67 8
109 108 5
99 61 9
86 105 6
44 17 9
94 123 8
42 114 8
20 31 3
55 113 3
23 63 3
59 42 3
13 123 3
59 5 6
121 101 1
50 121 5
11 1 1
111 1 4
118 105 3
29 82 1
59 79 7
113 43 8
102 94 7
36 18 8
76 112 9
4 40 9
62 83 8
17 30 2
47 9 8
102 12 8
98 19 8
7 30 2
88 79 3
4 0 1
19 46 2
14 58 7
63 116 2
22 51 2
54 114 8
44 108 7
55 56 5
31 52 9
56 38 2
34 89 7
71 39 4
77 70 3
47 56 7
42 34 9
111 78 5
72 108 3
25 52 1
51 8 5
50 64 4
30 96 7
85 92 2
87 113 3
48 16 4
118 27 2
77 48 4
60 104 5
78 55 9
119 82 2
59 1 8
49 120 1
98 117 3
58 27 6
93 74 4
95 97 5
68 56 8
47 49 4
22 8 9
73 18 8
105 89 7
92 12 3
83 4 4
33 54 1
84 65 8
123 113 5
108 63 5
15 75 6
55 114 4
2 66 5
95 104 7
61 53 6
69 57 4
24 39 3
123 104 5
83 41 8
20 25 9
47 114 8
109 99 6
106 71 5
41 36 8
29 54 9
111 62 8
124 91 5
97 47 1
121 95 3
0 93 7
53 118 7
81 59 2
42 115 4
89 6 2
31 89 1
84 57 1
2 85 5
21 124 4
92 58 2
75 110 7
92 14 5
108 82 1
123 39 1
108 61 7
71 121 5
117 79 2
31 91 1
94 21 6
55 102 1
104 45 1
5 9 6
20 56 1
45 50 1
50 48 6
109 61 3
84 56 2
103 82 4
23 57 3
66 107 3
86 26 5
41 26 5
71 118 5
78 107 3
111 112 3
94 95 2
10 59 8
55 66 1
13 82 7
113 17 5
67 17 6
16 107 1
19 63 5
83 33 1
100 110 6
9 3 9
101 24 4
118 47 1
117 102 3
9 16 1
7 14 3
74 123 2
111 77 9
91 117 5
56 65 3
109 66 6
29 61 8
21 25 3
122 103 5
62 3 1
59 63 6
92 31 4
90 116 2
103 65 7
119 7 7
74 8 6
92 63 9
42 66 7
88 102 6
113 120 9
96 31 3
29 43 4
48 47 7
52 37 9
4 5 6
77 37 4
104 76 1
73 104 4
0 52 2
9 38 5
101 18 9
38 24 9
123 84 4
98 11 9
38 62 2
58 23 6
77 98 2
113 57 5
47 78 4
0 55 9
39 32 7
48 40 3
33 87 6
122 12 6
84 31 7
34 36 8
38 71 1
41 101 6
44 40 8
35 5 9
80 107 2
85 38 4
79 3 8
80 30 5
1 72 4
26 24 9
64 114 9
103 101 5
48 79 4
69 60 3
102 10 6
77 10 9
106 117 6
97 29 3
0 109 3
114 25 6
119 26 5
80 12 2
64 118 8
5 74 9
105 46 5
52 99 7
36 81 5
3 101 5
103 74 3
51 118 2
30 61 4
121 64 3
118 110 3
82 96 6
29 10 1
33 108 3
116 69 6
37 114 2
28 50 4
18 79 5
64 34 8
0 114 8
100 23 1
114 53 1
66 94 9
112 102 9
4 71 5
109 7 1
68 29 1
12 120 6
61 114 8
61 52 9
108 121 7
115 85 6
69 56 1
115 3 7
124 100 7
36 118 5
60 117 3
20 64 6
108 73 5
29 85 1
72 63 1
89 91 6
31 121 7
75 108 1
115 26 8
64 14 9
113 106 6
39 37 5
113 30 1
33 96 7
18 120 9
90 56 2
123 124 1
21 104 4
121 30 7
80 98 9
124 83 9
92 108 8
50 42 9
15 35 7
16 7 4
33 106 9
51 27 2
74 52 2
25 39 4
113 31 3
4 46 3
29 11 7
74 3 8
76 8 8
48 22 5
22 105 9
58 59 3
103 71 1
1 39 9
53 3 9
68 15 7
98 48 5
112 20 1
61 117 3
49 53 3
30 62 1
83 75 4
101 97 9
70 39 6
9 105 2
76 30 8
51 7 1
7 36 6
93 116 1
37 61 2
47 110 5
113 11 7
4 110 9
20 60 1
119 72 7
32 15 5
72 94 5
75 89 8
51 86 8
95 4 1
9 51 2
108 23 3
48 85 8
5 60 6
115 112 2
51 23 5
54 91 2
96 62 4
68 33 4
103 40 1
57 36 4
62 97 8
118 115 8
90 108 7
20 57 4
53 19 3
59 88 2
58 112 6
16 60 6
62 42 6
62 9 5
1 103 2
30 10 9
32 106 7
41 87 3
83 108 5
62 29 5
62 114 1
85 77 8
5 88 4
102 83 7
57 32 3
99 75 5
33 118 7
6 0 2
117 101 2
9 21 8
43 52 2
63 34 7
40 123 5
119 81 9
43 107 7
101 21 1
3 109 8
40 50 5
13 31 4
93 72 3
27 98 5
84 30 2
54 56 4
48 70 4
69 24 5
18 59 4
30 39 7
55 21 8
94 110 4
1 43 8
111 23 5
74 21 1
13 77 3
123 93 1
32 12 6
96 38 6
38 47 9
50 106 9
89 104 2
54 57 2
29 14 3
84 19 1
23 102 4
43 116 6
13 94 7
63 26 2
97 24 7
61 72 4
72 12 1
15 98 5
85 45 3
40 36 9
34 116 6
76 35 6
76 103 7
44 91 1
48 25 9
72 11 7
106 42 9
6 53 4
50 65 3
116 78 7
15 99 7
99 82 7
45 36 3
46 2 3
54 12 8
97 122 6
83 60 7
71 46 5
92 29 2
42 79 8
100 16 4
47 96 1
30 51 6
36 99 4
69 114 6
32 89 8
88 14 6
118 10 6
102 51 7
109 55 6
5 14 8
18 83 6
24 116 9
68 108 4
114 76 5
92 5 6
101 115 5
10 41 9
117 110 2
98 84 7
118 30 2
42 93 7
57 6 3
43 91 3
24 8 9
64 101 9
50 17 5
61 95 8
14 69 5
93 83 6
88 34 6
17 42 4
120 38 9
22 80 3
61 118 5
86 17 8
60 63 8
11 57 7
43 104 9
92 68 9
89 101 4
45 59 2
91 49 6
24 62 3
107 93 5
105 69 1
91 26 5
10 85 1
95 108 9
24 28 5
38 10 9
19 81 7
124 30 2
96 80 5
117 49 1
123 88 3
99 49 7
98 97 7
102 8 9
95 27 8
19 42 8
28 64 7
17 9 1
34 108 9
24 45 1
21 46 7
81 111 8
8 15 1
62 85 8
103 111 6
118 84 9
3 64 5
21 42 7
107 122 5
7 54 8
123 1 5
0 81 4
36 116 4
9 116 5
25 76 5
14 117 8
6 56 6
59 121 3
103 35 9
111 65 9
96 46 2
6 124 2
74 64 7
90 40 7
49 96 8
112 124 9
25 88 2
122 114 4
91 2 4
41 98 7
49 14 9
48 19 7
34 31 4
120 35 3
90 27 9
98 86 3
2 86 1
36 113 6
45 69 7
87 93 3
31 68 8
81 92 8
20 84 4
35 65 6
0 117 7
26 19 4
70 47 3
20 6 7
3 8 4
76 54 8
50 105 3
119 0 2
54 11 8
26 96 9
18 12 9
92 83 7
43 80 8
65 73 3
117 89 4
59 17 8
86 53 3
5 20 5
101 108 9
74 1 8
66 124 8
34 54 9
56 106 3
118 8 1
37 78 7
3 103 5
117 25 9
76 59 6
123 51 8
119 121 3
97 22 4
45 44 2
30 69 3
93 27 2
49 27 1
47 82 7
14 25 8
7 121 9
112 1 5
33 105 8
94 40 8
95 12 8
72 34 7
13 80 6
116 28 4
107 101 3
118 6 5
117 111 4
76 115 3
64 55 5
64 47 7
38 93 3
4 108 4
22 115 9
53 25 6
123 116 3
27 2 3
27 86 5
7 34 6
97 60 1
53 24 9
39 69 2
36 48 8
76 31 8
36 53 6
77 89 7
13 107 4
47 108 3
25 19 7
85 12 2
37 49 8
34 53 9
20 122 5
35 19 1
1 14 3
94 120 7
20 82 8
6 110 4
112 33 8
79 39 7
14 57 4
47 33 7
47 87 9
13 17 9
16 65 3
88 65 2
3 97 1
43 0 1
13 97 9
44 86 1
0 65 7
60 65 6
3 99 2
21 51 3
19 102 9
32 20 6
60 43 4
86 58 6
105 88 5
32 120 7
65 59 7
75 33 9
116 121 1
106 47 3
56 43 3
80 45 3
119 104 2
94 107 3
47 43 6
9 26 1
28 2 2
102 31 3
67 86 8
78 17 7
43 46 3
104 75 6
119 1 2
42 119 3
49 43 5
98 24 5
85 99 4
59 46 3
41 116 6
2 84 3
17 120 5
77 95 1
111 15 7
121 110 8
16 104 9
18 77 4
37 7 3
16 35 4
39 101 2
93 4 8
32 8 4
37 48 8
103 97 8
54 95 9
55 13 7
66 39 1
123 65 2
74 59 2
0 98 4
27 17 3
109 47 3
37 109 8
21 80 5
98 8 4
115 70 7
37 5 9
115 95 5
5 66 4
108 77 8
121 34 6
26 120 8
104 22 4
29 101 7
86 55 5
72 97 8
96 25 9
42 8 4
11 87 2
23 64 5
77 64 4
111 19 2
59 55 2
104 61 4
14 51 5
23 114 3
12 70 7
78 38 9
44 24 8
44 68 6
65 99 4
14 26 2
89 25 9
63 13 3
45 119 7
117 82 8
54 96 9
114 91 6
46 95 2
79 32 4
88 47 2
118 99 1
60 77 9
49 79 5
25 104 4
3 107 3
39 6 7
72 124 6
96 28 4
32 56 5
66 117 9
33 21 9
1 41 1
86 66 8
99 25 5
114 46 7
47 95 5
5 81 8
123 79 6
13 43 7
81 113 8
0 60 2
74 42 1
114 70 3
18 65 7
105 101 3
45 96 6
8 16 8
18 50 7
110 85 8
90 34 2
25 57 4
35 124 2
46 25 5
97 108 9
16 64 2
8 110 8
116 51 1
31 3 8
44 11 3
78 13 4
109 73 7
44 100 8
25 98 8
67 33 2
75 122 3
48 31 4
18 5 5
117 18 6
29 94 7
40 0 8
112 97 2
92 98 6
23 70 8
93 9 5
45 111 1
29 45 8
19 43 1
116 1 1
61 91 4
24 71 6
48 121 6
31 8 7
80 78 3
63 52 3
108 113 4
53 93 8
89 92 7
50 124 7
109 96 2
54 8 1
24 72 3
121 90 2
101 58 6
36 16 2
39 62 5
89 19 9
68 123 6
38 110 2
39 96 7
74 66 2
11 2 6
24 41 9
102 7 4
67 87 5
78 48 7
110 43 4
115 116 1
6 19 2
16 23 4
80 89 9
62 108 4
61 57 6
50 120 7
77 76 6
84 117 1
18 108 8
27 70 8
64 120 8
9 55 4
33 51 2
124 41 3
70 42 3
119 77 5
39 10 5
22 96 8
34 29 6
21 105 7
0 53 5
91 86 2
63 96 9
14 99 3
17 19 8
117 45 2
39 41 8
111 49 4
12 14 6
91 95 8
96 75 3
72 30 3
7 31 3
123 103 7
55 81 8
41 12 1
108 105 3
124 19 5
15 29 4
50 71 8
45 95 3
89 110 8
87 79 1
124 77 5
94 20 4
107 28 5
41 71 6
109 26 2
10 115 9
41 22 5
56 23 3
2 4 5
43 54 1
112 92 1
116 96 7
38 109 2
109 70 7
81 117 7
9 48 5
112 100 6
117 70 7
46 118 7
114 75 3
67 119 2
12 68 2
52 75 1
39 58 3
8 115 2
12 74 7
114 112 8
109 52 1
96 108 8
63 2 3
9 59 6
95 60 9
38 54 5
22 30 7
97 61 1
63 107 2
36 39 5
95 81 7
108 38 5
9 112 3
101 80 3
108 7 5
6 7 8
66 98 6
65 91 8
119 18 1
11 89 4
18 54 5
16 97 6
107 12 2
38 91 6
98 106 7
43 94 2
42 28 5
36 68 3
80 33 8
19 108 8
59 66 6
23 101 5
28 97 6
123 64 3
73 120 7
78 112 6
23 9 7
53 66 5
11 41 9
113 38 4
91 58 6
104 86 2
9 115 4
91 59 7
71 114 9
99 26 7
60 74 4
55 65 8
67 109 7
6 105 2
95 40 8
33 57 2
23 121 4
58 79 1
94 32 3
116 112 8
10 35 6
65 72 8
104 23 6
108 84 8
20 29 6
67 121 5
30 78 1
123 2 6
91 35 1
4 12 1
7 23 5
121 66 3
73 72 4
42 97 3
82 16 8
37 3 2
9 99 2
86 93 8
80 56 3
55 41 9
88 121 1
1 4 8
74 89 2
87 65 6
48 68 6
109 124 8
113 86 4
105 93 3
122 44 3
74 7 3
115 108 8
46 65 7
94 116 6
111 73 9
40 69 6
36 104 1
68 93 3
70 96 8
91 45 7
103 11 9
119 19 7
45 121 7
108 55 8
103 98 6
93 94 6
78 42 8
58 90 6
81 104 8
41 118 7
28 34 5
89 100 5
90 119 2
83 84 7
0 74 9
35 92 3
80 31 6
53 112 9
75 65 8
34 27 5
13 25 7
5 26 9
102 21 9
95 48 3
32 102 2
40 78 7
8 4 5
59 72 8
56 118 1
34 15 2
8 90 6
103 19 1
117 40 8
12 64 3
25 65 8
60 116 4
91 90 6
59 118 2
31 51 7
11 77 8
82 25 5
82 32 6
67 96 8
19 69 4
43 72 6
10 97 9
66 12 2
112 66 7
19 18 8
29 74 1
85 25 4
111 113 8
96 2 9
79 81 7
67 45 7
61 2 6
4 84 8
118 0 4
12 10 8
20 70 9
66 89 2
81 8 8
2 94 4
18 113 8
22 75 5
22 15 3
35 48 3
14 97 6
65 118 5
6 36 1
50 83 9
59 87 8
75 92 8
108 110 8
94 53 9
122 78 3
16 11 6
14 120 6
49 112 7
9 103 5
121 98 6
22 81 6
43 79 3
81 54 8
100 45 2
24 109 8
81 42 2
78 51 1
82 19 4
11 109 5
50 77 4
89 58 1
123 96 5
107 99 3
71 119 3
114 118 2
124 105 8
75 40 9
65 93 5
69 13 3
101 123 6
74 124 4
56 89 4
99 58 6
80 10 2
99 50 9
22 83 1
3 76 3
22 10 4
95 63 7
14 60 5
32 23 1
58 88 3
73 42 2
40 67 8
107 20 5
43 70 2
109 32 6
33 76 8
80 6 7
24 68 1
114 101 6
89 62 7
110 14 8
56 101 2
112 42 4
42 35 2
55 101 6
53 69 6
94 38 2
81 91 4
25 94 6
82 10 9
65 21 7
56 64 6
53 18 5
68 121 8
94 82 3
15 39 3
96 115 4
24 114 4
82 116 4
18 13 7
42 86 5
44 96 3
97 58 9
67 100 8
76 102 3
100 93 5
1 99 8
2 50 4
75 16 3
104 38 1
103 96 3
19 120 9
49 40 8
8 21 9
96 10 2
23 50 2
6 114 3
39 112 9
59 6 4
5 100 3
88 124 1
102 71 2
20 35 2
55 32 3
36 32 1
39 100 2
15 105 3
120 28 1
91 75 5
37 4 9
114 121 6
105 73 5
63 68 4
3 72 2
63 53 9
100 71 5
100 3 7
82 57 4
22 43 1
36 19 1
50 7 4
46 112 5
32 63 7
10 123 6
32 40 9
44 19 2
45 90 6
38 51 4
15 78 6
30 27 8
113 114 2
55 24 6
90 33 9
25 70 2
63 124 4
119 46 7
27 22 8
12 44 5
124 11 4
46 99 1
32 107 5
107 85 8
38 60 8
123 35 7
28 80 1
48 60 7
25 108 6
94 9 3
15 53 8
120 30 1
22 108 1
42 108 2
56 115 9
114 74 7
46 77 8
124 17 9
14 79 7
76 63 6
74 71 9
56 94 8
72 104 2
75 5 9
78 65 6
116 124 9
19 31 3
24 104 9
7 43 7
58 70 2
28 88 8
96 91 4
51 69 3
53 88 4
28 99 8
115 119 9
123 46 1
63 112 6
100 116 5
83 5 2
0 56 3
11 97 4
27 0 6
59 11 4
36 60 7
78 28 8
49 81 5
46 73 6
1 45 8
46 48 7
100 35 6
69 111 6
41 59 1
36 101 3
68 49 7
40 98 1
97 89 5
28 30 6
87 3 7
58 120 7
5 45 4
42 65 8
22 4 4
110 31 2
43 2 3
47 52 1
95 32 4
118 26 3
40 72 1
5 46 7
7 94 3
83 89 9
58 98 6
92 8 1
61 87 5
37 9 6
37 35 4
20 51 7
41 48 8
121 85 5
19 88 5
17 106 1
10 45 8
16 19 3
48 43 4
8 64 1
117 44 6
44 58 8
48 38 5
87 114 7
74 82 8
96 35 2
29 89 9
118 39 2
9 88 5
56 111 8
55 36 6
60 62 1
115 122 9
36 58 9
65 1 6
1 117 6
66 78 8
120 89 4
55 3 7
78 63 2
77 34 2
91 50 6
110 87 3
10 95 3
97 48 5
104 11 6
0 15 7
4 19 9
73 54 1
103 4 3
65 117 1
0 123 9
36 108 2
119 10 6
96 13 1
33 122 4
62 58 1
83 63 5
18 91 9
22 89 8
94 81 6
80 84 8
113 47 2
4 24 9
74 35 5
76 6 7
87 71 7
106 64 7
85 31 1
78 75 2
61 65 1
52 20 6
117 72 5
29 107 2
22 124 4
75 101 7
6 47 7
111 51 8
42 18 1
90 42 3
38 61 2
32 83 6
120 0 9
56 26 2
41 20 5
77 51 7
95 112 9
50 92 1
48 73 3
69 38 4
62 77 3
97 67 5
11 92 5
10 104 8
35 18 2
98 87 1
67 58 4
95 102 8
29 99 4
65 62 6
57 3 1
4 72 1
62 105 6
31 62 6
25 49 3
70 2 7
29 38 7
106 59 3
17 96 3
24 54 7
119 14 3
45 77 9
80 65 1
62 43 4
75 34 5
53 103 6
96 11 6
122 104 3
50 34 7
12 40 4
93 22 2
85 67 7
16 68 7
42 123 1
88 61 4
68 7 2
54 15 9
41 15 9
42 105 9
7 85 3
97 120 3
83 106 5
29 4 9
102 75 9
53 5 8
93 20 5
63 30 4
9 20 3
57 55 5
63 24 6
5 48 3
39 77 4
107 118 5
94 6 1
25 95 1
57 97 5
21 81 7
27 55 7
66 85 5
75 87 1
52 91 1
85 124 2
83 20 4
66 84 5
41 37 4
106 25 5
21 119 3
95 33 8
119 94 4
14 116 1
36 94 9
77 72 8
54 66 2
122 53 2
4 111 1
61 40 6
116 52 4
18 17 7
49 116 2
93 119 3
60 57 6
64 2 2
86 69 1
52 93 4
13 21 4
84 26 8
21 83 6
14 8 3
50 6 2
89 109 1
16 59 7
21 58 2
16 71 6
91 119 9
2 1 2
104 115 1
11 101 5
105 85 1
42 12 7
112 41 7
96 85 2
100 76 1
0 28 6
99 73 8
82 18 1
53 68 6
97 79 5
45 123 9
3 1 6
70 6 6
11 12 5
120 87 8
70 88 7
55 83 7
15 19 6
20 2 9
35 62 3
14 100 6
46 35 5
103 120 6
30 45 6
111 6 9
60 52 1
94 35 9
83 7 3
114 33 1
10 49 6
63 73 8
113 22 8
91 22 7
50 62 8
19 122 8
20 42 8
30 18 1
40 56 9
71 15 8
48 42 4
116 45 5
63 117 5
102 5 8
122 55 6
30 117 2
62 57 6
43 120 2
83 36 5
100 42 7
12 106 3
63 122 1
2 30 5
62 78 5
70 97 8
114 92 4
83 35 9
124 0 5
18 105 4
58 73 6
95 39 5
94 39 1
104 48 9
32 26 1
121 27 8
37 22 5
29 75 4
31 107 5
42 49 7
44 87 5
67 7 8
81 29 9
18 95 7
17 114 6
120 8 1
98 99 4
50 27 4
69 73 7
50 57 5
22 79 9
26 85 1
69 96 9
46 93 6
105 64 8
94 12 6
46 61 9
34 23 3
59 94 3
60 85 2
6 101 8
13 37 9
52 77 8
105 83 8
120 99 2
72 7 9
111 87 1
31 60 9
73 1 7
47 119 1
23 46 4
67 25 7
71 60 2
59 47 8
23 43 1
79 68 5
65 5 3
113 89 1
66 68 2
115 33 2
4 41 2
55 63 5
94 124 8
72 19 2
102 28 3
91 122 2
11 28 1
58 53 4
28 37 4
89 82 3
59 85 9
58 6 1
11 84 9
99 43 7
53 90 2
17 23 4
19 7 1
95 71 7
52 112 9
24 57 1
73 38 6
74 113 7
118 98 8
94 112 9
6 52 1
8 96 5
36 35 5
74 106 2
34 13 5
57 21 4
58 113 6
118 112 7
69 18 8
25 75 9
81 15 5
19 92 7
110 103 2
41 73 3
105 29 1
28 65 5
27 88 2
1 108 3
69 63 3
5 112 8
23 35 5
123 16 3
68 67 8
51 121 5
44 77 6
10 4 7
25 27 6
104 29 7
18 1 8
74 40 8
98 85 1
105 47 5
83 44 3
72 92 9
85 28 8
85 64 9
73 21 9
48 106 5
36 122 2
25 119 9
68 114 2
69 118 6
38 5 6
68 2 3
104 85 9
9 36 1
102 66 9
5 124 6
114 111 4
42 23 3
123 119 3
47 124 4
38 58 4
16 14 7
24 42 8
63 88 7
63 71 7
64 0 7
41 0 5
39 51 6
31 109 2
103 6 7
123 107 7
35 2 1
97 46 1
98 51 5
6 83 4
45 74 6
103 39 7
1 115 8
13 93 6
34 74 6
114 85 7
110 67 2
38 79 3
33 110 3
94 103 6
26 30 4
108 51 5
118 12 7
117 107 6
9 53 6
6 45 4
85 87 7
120 48 7
37 92 7
75 120 3
60 76 2
91 105 9
92 51 3
20 27 7
2 39 9
84 8 9
68 52 1
12 110 1
100 37 3
124 9 9
3 91 8
79 102 3
37 120 7
1 107 8
124 28 9
15 17 8
30 32 2
59 120 5
117 104 5
31 73 5
111 95 3
40 21 3
112 8 3
115 24 3
53 41 5
62 63 3
14 65 8
45 57 7
123 52 7
89 42 1
60 35 6
29 1 9
72 98 4
30 37 7
100 72 9
17 6 5
61 78 4
62 117 8
92 64 9
42 38 9
95 85 8
61 55 5
28 117 8
22 71 4
11 65 1
73 45 4
25 97 4
95 88 4
21 15 9
10 15 7
83 64 6
121 1 9
102 108 7
14 105 6
78 45 7
70 106 6
27 64 3
80 29 3
25 105 7
26 36 3
69 20 2
107 87 7
95 51 5
76 79 1
13 58 6
54 89 9
62 73 5
107 33 5
118 2 3
90 71 8
117 31 8
123 18 2
76 29 6
24 117 8
24 106 2
7 106 9
104 8 4
3 114 1
76 32 9
119 2 9
62 72 6
75 13 6
75 17 8
66 115 9
108 43 7
107 54 7
42 64 6
15 95 6
11 105 4
108 58 1
53 37 2
44 112 6
110 70 1
2 24 5
81 41 7
106 15 9
67 116 8
59 110 5
107 70 7
97 55 1
91 27 7
114 78 5
98 42 8
53 21 2
61 70 7
16 117 2
22 123 8
120 71 6
24 64 8
80 60 6
16 108 5
55 110 3
111 22 3
58 75 5
48 28 1
58 105 1
58 122 3
109 76 8
97 114 5
41 90 6
74 49 3
110 34 9
116 92 8
31 27 1
84 75 6
22 106 5
70 120 4
52 48 9
23 22 5
93 43 4
28 101 4
61 17 2
75 107 1
38 37 1
90 101 8
24 6 4
110 35 1
100 26 5
93 54 9
25 123 2
4 64 6
0 50 7
99 68 2
99 17 8
11 7 9
71 9 5
116 55 3
16 90 9
110 73 8
93 6 3
56 117 4
122 6 3
32 99 9
10 42 4
75 53 5
65 77 4
100 36 5
117 99 9
19 13 2
90 55 8
92 102 3
66 113 2
32 113 7
106 39 6
92 69 3
69 119 9
100 31 6
34 83 4
14 61 4
0 108 3
95 59 1
101 40 1
113 7 6
82 17 1
53 28 7
13 92 9
79 20 8
1 9 4
32 66 6
30 33 3
48 83 3
27 87 2
117 93 9
17 65 9
91 101 4
6 31 3
92 27 6
80 48 9
118 42 8
60 8 1
99 97 1
73 17 9
88 96 4
100 80 5
12 96 5
62 92 9
98 22 3
43 64 8
3 18 8
93 56 4
33 74 9
34 61 9
40 27 1
91 28 4
22 92 9
91 46 2
106 72 8
71 36 3
73 43 5
11 107 6
20 28 2
74 15 6
81 38 2
43 88 6
31 71 3
22 40 3
61 22 4
15 2 8
95 7 7
119 107 6
85 30 1
75 8 3
113 71 3
29 103 4
63 75 4
75 100 1
21 92 7
5 32 6
15 14 8
84 97 8
83 19 6
30 123 5
18 26 2
48 3 3
104 53 8
115 57 4
119 96 6
30 102 9
112 70 4
25 91 3
123 26 9
118 102 2
62 100 5
13 124 9
5 70 1
113 69 6
74 55 3
10 24 5
34 115 6
38 124 4
8 56 1
20 7 2
81 98 6
93 122 2
22 19 3
74 109 9
38 39 2
39 60 8
79 65 5
14 13 3
87 57 4
30 108 3
23 120 6
83 12 8
55 67 2
68 106 4
111 58 8
84 0 7
87 28 3
80 25 3
81 86 6
103 59 1
116 104 2
109 98 3
99 60 8
0 91 4
29 91 6
80 57 9
46 13 2
96 112 8
30 75 7
118 77 7
41 77 2
20 3 4
75 82 7
103 48 6
7 27 4
31 15 9
108 46 3
99 90 8
61 86 2
18 61 3
107 120 6
82 12 4
100 11 4
1 76 9
68 35 3
39 86 6
15 26 6
45 19 9
92 20 2
72 81 6
94 28 2
119 22 8
25 107 6
124 87 8
44 13 2
13 10 2
55 30 9
8 27 9
101 66 7
6 49 6
17 122 9
57 67 3
104 55 2
41 51 4
47 51 1
106 27 3
70 91 5
1 34 5
46 82 4
120 66 6
66 96 3
114 99 3
15 73 5
91 102 5
89 114 6
116 77 1
67 26 1
120 44 3
12 104 8
27 84 9
18 33 2
67 11 7
13 3 5
0 94 8
75 11 6
77 36 1
14 83 5
76 88 7
1 95 1
94 27 5
62 99 4
63 11 3
36 87 8
73 4 5
82 92 5
14 101 7
70 72 4
41 32 6
104 42 8
23 28 4
83 91 5
106 13 9
77 35 5
109 46 6
121 47 5
4 58 2
9 50 6
28 62 9
10 55 6
77 74 2
59 61 1
33 113 4
25 113 4
35 38 6
55 88 3
26 113 9
122 61 4
2 9 9
123 5 4
104 79 2
6 43 9
33 42 5
73 32 5
1 35 3
10 1 6
114 19 5
50 81 5
58 3 9
9 27 9
17 3 1
120 31 3
66 4 5
25 29 1
45 60 5
2 32 8
52 104 5
82 21 3
49 51 2
67 64 7
24 73 5
117 19 1
116 31 6
104 33 2
87 66 3
86 33 9
39 63 6
65 95 2
73 91 8
18 48 9
32 70 3
6 40 9
62 102 7
83 78 1
6 106 2
16 15 9
54 22 2
34 9 5
72 121 5
81 67 2
56 105 9
20 38 8
102 68 6
9 101 7
21 50 8
102 0 3
101 119 1
24 96 6
64 86 2
80 49 9
58 30 9
54 52 3
123 105 7
31 29 5
103 73 9
116 62 2
104 59 7
116 35 8
12 113 2
75 4 4
118 123 2
26 116 6
124 42 7
99 123 7
107 103 4
3 111 3
78 104 4
13 50 1
75 124 2
69 41 4
64 38 3
53 4 8
45 35 3
37 64 8
65 90 6
69 72 5
66 45 9
0 38 7
12 37 3
61 119 3
28 31 1
51 80 8
21 113 1
88 51 1
10 5 1
120 56 6
7 5 7
104 87 9
3 59 2
94 58 6
56 57 8
50 31 1
91 20 9
74 9 6
55 120 5
10 9 4
116 97 6
70 7 1
123 82 4
72 26 1
8 17 1
4 74 7
87 12 5
30 42 2
42 56 8
11 94 8
47 123 9
110 93 9
45 16 7
116 27 5
20 14 6
68 115 8
54 119 6
73 82 4
29 44 3
70 116 5
65 104 7
60 47 9
83 122 3
74 117 3
21 12 7
14 50 6
124 64 4
88 40 1
38 49 4
30 15 1
73 26 9
56 53 4
112 88 2
118 28 3
90 2 7
10 78 3
15 70 1
105 84 1
122 123 8
55 28 6
43 89 9
75 57 5
123 54 2
29 116 3
8 13 7
123 41 9
59 12 6
73 64 3
48 8 7
92 113 4
51 82 3
122 15 1
34 101 8
122 94 1
79 66 7
36 124 3
62 56 5
60 64 6
108 64 1
75 12 6
50 54 4
86 24 6
76 69 2
78 26 5
47 45 1
49 55 6
13 108 8
53 33 5
56 52 2
8 25 4
52 42 7
89 20 8
27 12 5
32 44 3
55 77 9
80 40 1
16 37 3
11 36 7
85 76 6
86 20 3
23 30 2
101 94 3
19 20 2
12 101 4
106 9 4
49 93 7
51 35 6
12 22 3
70 94 8
59 69 5
104 1 4
98 55 1
109 35 7
31 26 8
111 31 3
45 43 8
113 115 4
122 37 6
1 81 7
3 12 2
82 26 9
56 109 2
8 26 6
13 47 9
12 78 1
38 11 2
52 49 6
62 15 3
122 111 4
15 36 9
67 75 1
0 77 2
55 35 9
58 34 2
100 92 4
26 117 2
59 20 5
0 96 9
26 55 1
13 20 5
117 109 7
103 46 9
113 23 7
99 2 8
49 83 5
83 95 8
10 67 3
14 94 9
98 38 6
41 57 3
124 106 6
0 7 6
95 117 7
14 55 8
95 86 6
80 11 4
81 103 7
22 77 9
105 104 9
50 60 4
94 106 2
84 16 5
84 49 9
18 86 5
78 25 4
93 103 7
71 77 7
19 9 5
46 85 4
88 113 5
1 24 1
60 59 1
43 75 8
106 80 2
119 16 4
13 83 3
18 115 1
1 13 1
22 114 6
124 32 8
99 35 5
114 36 6
87 105 2
4 7 3
43 82 2
55 31 3
35 43 7
82 58 4
50 115 3
63 79 5
32 28 9
83 121 7
53 60 8
121 61 3
66 50 7
43 118 5
102 81 7
2 18 8
55 121 3
10 101 2
92 60 2
102 40 1
84 60 1
112 3 7
102 52 4
37 1 4
120 96 8
85 35 4
31 1 3
58 16 2
71 33 9
47 85 4
87 25 1
112 57 9
120 119 1
118 113 3
42 87 1
89 106 9
56 27 2
70 83 4
24 56 7
122 90 2
94 97 4
37 0 2
35 59 8
113 80 1
14 70 3
2 78 5
111 91 5
114 115 1
36 63 2
31 105 1
57 73 8
23 88 5
114 27 6
69 32 6
121 58 5
12 5 4
20 8 1
80 35 4
32 86 7
37 124 1
84 74 6
49 122 8
51 75 8
53 12 2
122 119 6
90 26 7
113 54 6
80 117 2
86 100 8
123 76 6
23 40 3
115 52 7
58 81 1
123 6 5
0 45 3
89 65 8
109 106 8
32 4 8
123 63 3
21 110 8
49 92 7
78 19 9
80 3 6
68 85 8
57 106 4
21 54 5
81 62 8
123 34 7
63 57 7
77 101 7
9 111 2
36 74 6
77 121 4
56 104 6
56 16 7
2 40 6
93 81 3
88 15 9
50 1 6
49 60 7
49 89 9
47 93 6
36 88 9
4 120 9
1 44 8
118 103 8
6 109 2
103 109 9
121 94 6
74 50 9
122 87 4
111 109 7
39 76 7
118 29 2
97 4 9
122 108 7
109 87 5
112 37 8
31 16 1
43 124 5
45 46 4
50 24 4
16 52 9
76 16 3
98 5 9
23 98 9
49 103 3
43 63 2
61 5 1
76 107 7
35 84 6
110 84 1
71 89 5
92 76 5
89 28 6
106 53 1
120 10 5
70 119 6
45 3 1
48 24 9
52 98 6
0 106 1
108 123 6
20 90 9
22 84 4
46 115 3
25 28 7
44 25 5
39 53 8
8 2 5
10 26 9
24 82 1
90 48 2
117 53 1
67 51 9
32 84 8
92 103 6
117 27 6
44 114 7
68 87 8
99 10 7
17 84 3
24 99 7
1 120 4
122 112 8
59 4 6
42 45 8
43 21 1
19 70 9
73 47 5
6 15 8
113 51 9
21 95 2
45 4 1
69 55 7
71 85 8
109 118 4
26 81 3
7 92 5
12 15 7
92 124 7
109 88 8
11 40 7
58 116 9
100 121 9
118 94 9
90 98 5
80 72 1
38 63 6
113 95 6
117 35 2
92 47 7
101 5 6
105 107 8
120 78 9
27 83 3
71 83 7
88 21 2
9 89 5
76 101 1
7 9 5
66 35 2
96 51 6
0 17 4
92 109 1
112 119 1
78 35 4
16 83 8
68 11 5
14 90 4
31 23 6
83 8 9
14 74 3
25 17 9
98 61 9
17 32 1
8 116 5
1 100 9
115 11 6
71 58 5
104 83 5
11 122 2
114 81 6
75 97 6
82 33 1
8 62 7
28 115 6
64 81 9
42 46 8
63 91 2
98 35 5
76 20 6
41 122 7
117 94 9
94 98 5
6 67 5
23 27 7
67 70 4
84 3 4
105 68 6
65 26 9
0 113 5
12 28 6
54 63 7
30 36 8
80 24 6
65 83 2
92 48 3
76 81 1
122 116 4
9 79 9
6 18 3
32 96 3
107 88 1
68 5 4
52 22 8
98 111 1
43 105 7
17 110 5
105 82 7
109 41 7
17 1 4
61 4 2
87 73 3
20 24 6
11 31 5
52 23 2
108 71 6
97 68 9
96 94 1
31 63 7
39 3 9
61 1 3
27 113 5
100 9 1
3 6 5
16 17 8
51 37 1
55 100 4
19 30 6
19 3 4
4 105 7
73 7 7
8 45 7
83 37 3
39 73 9
24 32 5
7 57 7
121 65 4
81 100 9
115 63 7
39 120 9
17 77 9
62 22 5
45 103 1
26 122 8
16 24 1
118 96 8
90 3 4
89 87 5
124 24 4
121 54 9
114 1 4
84 24 6
31 95 4
48 33 1
124 1 2
21 31 4
77 81 9
116 22 9
85 37 5
72 71 8
112 69 2
38 106 5
41 120 3
110 45 3
78 87 9
53 85 8
35 49 7
55 51 2
97 54 4
48 123 9
0 5 7
100 115 2
18 11 5
95 29 7
46 100 5
10 68 8
24 75 7
82 42 6
41 8 7
41 38 9
57 100 3
38 4 4
71 101 9
17 88 8
48 1 1
107 34 2
32 67 1
5 97 5
83 25 1
27 28 3
78 23 9
4 54 2
93 89 2
89 95 4
79 27 8
97 119 3
106 104 8
116 117 4
79 91 2
50 111 1
76 57 2
122 80 4
48 116 9
119 86 5
37 34 1
91 60 5
2 114 9
113 83 3
56 91 3
108 21 9
25 63 4
12 86 4
97 78 3
80 120 9
105 102 8
83 88 7
104 114 7
8 18 5
41 84 5
124 65 8
69 68 2
86 85 9
57 35 3
56 33 3
37 110 6
65 71 7
5 3 7
5 34 2
44 60 5
25 66 3
28 106 8
65 108 2
76 113 3
96 117 8
81 124 2
31 33 7
105 16 5
69 27 6
37 82 6
63 44 3
0 122 7
121 14 7
25 1 9
79 109 2
116 56 3
54 105 2
96 122 4
74 100 6
38 32 9
34 10 5
34 85 1
10 14 4
56 13 5
99 51 5
86 62 9
57 64 9
23 97 8
4 35 9
42 122 3
13 88 8
103 117 6
117 39 4
60 56 9
90 110 3
105 103 6
75 111 2
19 55 1
65 102 2
35 41 4
100 40 3
95 110 4
93 23 6
71 75 5
74 53 9
62 21 5
83 45 2
100 73 3
28 36 5
99 76 8
78 64 4
74 96 1
110 96 4
0 12 4
27 24 9
14 22 3
52 73 2
41 103 7
61 23 2
42 2 5
30 106 5
16 122 7
70 80 9
38 16 6
3 52 7
115 37 1
46 7 6
111 52 7
13 114 9
100 53 8
2 109 4
6 26 6
18 102 9
42 91 7
65 23 5
59 89 3
27 19 4
11 45 8
69 0 6
69 62 6
12 47 1
13 64 1
88 74 3
122 32 2
6 97 4
34 84 5
18 40 9
51 110 1
39 92 4
95 103 4
78 92 6
18 103 6
90 5 9
120 72 6
9 35 4
77 59 5
6 34 4
112 14 2
89 60 4
27 82 5
112 73 8
93 14 8
60 124 8
26 13 4
13 119 8
41 95 3
68 60 9
86 70 8
120 54 9
0 10 4
37 81 8
117 76 2
8 47 5
119 88 6
92 38 4
60 123 5
61 94 5
41 113 7
97 102 5
14 38 2
90 30 6
22 3 1
72 122 8
124 27 7
93 95 3
87 116 8
108 119 7
11 46 6
71 105 3
75 66 2
102 4 3
112 68 4
95 90 2
62 122 9
51 85 9
41 5 2
6 72 6
92 71 9
63 21 7
116 53 3
121 76 1
107 73 2
55 85 3
93 11 2
69 93 9
77 38 2
23 6 6
117 34 8
46 113 7
1 57 1
9 118 6
35 13 9
83 114 5
17 45 1
7 3 9
32 64 5
94 74 5
104 30 2
69 15 4
112 22 3
95 5 9
46 76 5
21 120 1
18 87 3
23 14 1
2 120 7
10 11 8
100 18 9
6 5 6
25 121 4
120 91 2
114 63 8
98 76 8
4 104 7
111 99 4
109 91 7
7 103 4
85 74 4
2 69 1
94 114 2
116 71 5
26 83 9
90 112 3
81 9 5
49 115 8
82 111 5
117 75 5
13 113 9
10 113 8
36 95 7
99 104 1
28 38 5
79 108 1
72 115 6
15 118 8
103 104 2
54 42 8
13 59 9
70 124 5
124 110 4
74 38 2
90 118 7
90 59 2
80 0 7
64 99 4
7 15 2
70 75 2
66 29 8
119 74 9
105 23 1
25 35 6
27 21 3
39 49 3
97 20 4
81 44 4
119 39 3
84 82 6
49 16 4
67 36 7
8 68 2
6 62 2
19 10 5
83 61 2
76 38 1
71 40 4
8 50 9
75 6 4
122 82 5
11 73 3
111 5 7
105 90 9
97 35 7
112 71 9
69 117 6
61 25 8
10 92 9
36 85 1
14 47 5
93 101 1
30 119 6
46 9 5
15 11 9
60 100 5
52 103 9
118 106 7
22 55 8
121 86 4
61 56 2
4 44 2
69 87 8
118 121 4
109 39 6
102 63 1
92 2 3
14 103 9
29 111 6
95 124 3
38 66 4
23 26 3
100 95 5
50 96 1
76 24 2
2 19 3
70 17 7
68 78 7
21 18 1
54 106 1
20 50 1
59 32 2
22 120 8
12 25 6
37 116 7
64 49 7
40 33 4
39 99 7
62 124 6
115 20 3
57 94 8
10 89 3
117 12 9
71 66 1
56 39 7
105 99 2
112 29 9
32 108 4
75 42 4
101 42 2
63 0 6
6 102 2
57 16 2
1 6 7
80 114 5
36 61 8
31 75 6
101 30 2
87 48 3
73 123 3
17 48 4
49 3 2
121 123 3
26 103 3
121 73 9
92 3 1
55 70 2
8 97 1
21 34 9
110 9 3
42 95 7
48 65 7
0 58 9
67 65 6
49 67 5
29 69 6
34 70 5
90 7 7
60 75 5
39 20 1
8 82 6
115 111 2
110 36 4
67 72 9
93 44 7
121 21 6
53 98 7
113 98 7
100 19 7
119 9 5
103 32 4
101 96 6
124 101 5
85 69 1
51 0 5
87 51 9
97 63 4
23 29 7
40 16 5
46 60 1
9 63 9
50 53 9
17 56 9
89 37 4
75 27 5
58 40 4
120 46 9
52 97 6
84 47 8
17 116 1
59 19 4
74 26 3
40 53 4
10 86 2
123 38 3
117 4 3
56 78 9
13 67 6
91 112 3
121 10 7
111 20 2
45 107 7
25 62 4
92 84 7
58 104 6
14 63 8
41 68 3
119 11 9
95 74 2
93 99 2
76 5 1
73 28 5
49 22 4
47 0 8
123 112 9
7 8 2
114 108 8
42 26 5
114 5 9
13 22 2
46 38 1
111 68 2
112 79 7
87 2 7
79 100 1
94 99 6
98 116 9
28 8 7
88 110 3
0 79 7
55 91 8
55 75 8
44 52 9
43 26 9
94 50 5
30 95 2
92 6 7
16 43 8
58 20 4
42 72 3
74 56 3
24 120 6
114 107 3
81 51 2
64 44 6
80 14 2
8 70 7
111 13 1
63 80 4
10 3 3
37 6 5
50 107 6
41 34 1
69 84 8
63 87 4
119 29 2
106 31 8
17 123 6
71 80 4
2 21 2
81 118 9
10 17 1
115 71 6
56 46 7
114 116 7
51 3 4
12 45 5
117 108 3
54 98 3
64 111 7
64 79 7
99 69 5
72 55 2
96 64 2
56 25 2
100 102 9
120 74 5
45 41 7
30 59 2
78 67 3
10 25 1
21 59 9
38 114 5
70 92 1
81 110 9
98 79 4
30 94 3
120 67 6
20 103 8
67 89 7
79 92 7
24 29 5
25 22 1
47 72 7
92 55 1
115 59 3
97 83 8
72 74 1
2 104 4
123 75 9
15 113 8
71 55 5
119 52 2
101 69 7
123 37 7
1 27 5
8 69 3
103 51 8
46 74 6
77 40 3
118 92 6
97 106 1
3 81 7
67 98 2
119 56 6
29 22 8
17 71 7
9 12 6
69 42 1
109 100 5
60 122 2
45 115 5
28 13 1
90 38 7
106 75 3
55 60 3
44 15 7
99 37 3
80 7 8
57 114 2
44 66 3
103 25 1
105 1 1
113 94 8
70 11 2
83 39 1
121 49 9
39 40 9
13 120 9
66 34 5
94 67 8
66 31 6
64 35 5
16 92 9
110 107 4
58 60 4
48 59 4
107 38 6
29 60 7
19 93 8
71 124 6
61 115 2
68 110 9
72 49 2
89 115 3
96 93 8
90 10 3
91 76 6
46 124 3
20 71 7
124 59 5
30 14 5
96 78 1
43 121 7
7 32 2
44 90 4
69 9 6
6 60 9
30 73 3
22 0 4
105 13 7
12 29 2
111 72 9
34 47 3
115 36 4
28 52 7
20 26 4
36 70 5
113 52 1
2 93 2
15 92 2
106 122 9
16 1 4
74 90 7
75 118 7
115 40 4
88 29 9
44 8 5
7 124 5
56 75 5
11 47 1
5 56 4
35 82 2
31 97 7
101 68 9
40 30 1
48 29 9
111 94 8
10 91 6
4 33 6
5 116 1
81 2 9
10 112 7
58 56 7
65 94 2
77 1 1
78 21 7
57 58 8
113 63 1
3 66 9
12 49 3
12 105 7
102 50 8
65 41 6
24 34 7
66 91 1
24 40 6
116 33 1
67 60 1
13 98 8
71 45 9
115 92 8
46 78 4
113 121 7
65 57 8
101 81 6
49 15 2
36 72 8
72 25 7
30 49 6
33 117 1
8 123 1
63 110 3
99 4 2
45 34 1
69 110 2
84 55 3
106 1 3
31 12 9
8 80 8
65 119 6
0 34 8
67 2 2
44 51 4
109 14 9
82 44 4
83 56 3
76 43 5
16 2 2
35 79 1
96 18 9
25 33 7
116 74 6
41 104 6
84 121 1
114 40 9
86 38 9
15 13 9
2 116 6
79 122 6
46 94 2
23 87 5
51 52 5
80 44 2
88 118 9
90 103 6
41 110 5
124 16 4
22 78 5
120 53 7
71 26 1
82 36 6
86 49 1
114 34 1
39 102 2
80 90 9
53 57 2
64 66 6
108 118 9
35 39 6
32 19 3
61 12 9
59 101 7
36 29 3
19 0 6
67 83 5
28 49 5
70 123 6
79 99 6
65 6 3
120 29 4
59 39 3
41 76 7
32 58 7
47 117 4
103 16 9
4 89 4
103 47 7
111 70 9
90 4 8
27 36 5
12 17 1
13 102 2
42 1 3
24 118 7
24 60 8
112 101 8
79 37 8
19 106 1
71 3 4
88 69 4
81 27 5
92 33 1
6 78 5
46 30 7
119 110 9
32 45 9
88 66 8
49 98 7
106 123 6
46 28 4
20 80 6
121 17 5
5 105 5
52 27 7
67 61 5
32 74 8
76 42 5
54 68 4
100 90 6
93 40 7
27 16 7
22 34 4
34 43 6
98 26 1
66 56 2
12 7 8
53 65 8
87 52 6
76 83 3
93 3 4
65 7 2
7 82 1
45 88 8
52 121 7
122 121 2
48 75 1
25 24 8
26 77 1
118 97 9
102 42 4
90 88 8
22 26 5
26 107 5
22 28 9
55 34 4
9 25 5
1 84 2
36 103 1
65 45 1
97 64 6
80 115 6
67 88 7
11 53 5
30 64 8
4 107 1
40 124 7
0 88 3
66 60 8
23 20 9
77 57 1
9 11 1
18 72 5
28 84 5
38 82 5
55 115 8
112 17 2
61 58 5
54 112 1
45 13 1
65 39 1
110 91 8
20 47 5
66 27 5
22 5 7
86 102 1
27 77 3
57 9 3
18 55 8
43 37 7
65 100 5
14 9 6
17 11 7
112 13 9
16 18 9
118 66 1
86 96 3
74 27 7
25 109 1
36 80 5
99 55 8
124 84 1
1 87 9
54 40 6
59 34 4
21 85 2
17 100 8
17 74 5
116 73 4
84 95 1
6 113 3
106 63 3
64 100 6
40 10 8
35 108 2
75 79 5
90 76 2
70 74 7
76 47 1
52 15 6
124 86 2
55 124 1
102 59 7
93 36 2
50 117 2
95 105 3
97 2 1
119 106 6
87 88 5
27 120 3
28 76 8
71 61 9
84 89 4
8 113 4
37 17 4
27 76 8
64 117 8
60 108 6
79 77 7
89 16 5
65 106 8
29 64 1
39 114 2
35 115 4
18 104 9
116 113 3
76 10 5
98 91 2
12 63 1
61 110 6
57 0 6
5 110 8
115 15 7
79 36 9
58 96 9
22 31 5
8 37 3
50 101 5
114 4 4
115 16 1
73 79 2
48 10 8
9 78 8
113 35 7
118 104 3
4 39 1
8 1 8
37 54 6
5 64 7
75 103 6
16 50 1
29 122 4
42 29 8
2 26 4
72 83 7
112 19 6
111 7 1
71 94 1
5 91 4
4 49 5
88 82 9
24 83 2
111 47 7
117 85 4
5 113 7
85 50 2
102 122 6
32 3 5
84 37 9
55 107 1
116 84 9
112 103 6
34 82 5
18 109 3
106 73 3
11 3 7
5 25 4
82 78 7
84 61 6
34 124 4
99 86 8
5 28 1
111 90 7
12 39 7
52 78 2
113 59 3
66 47 1
82 100 8
44 88 6
89 17 4
26 105 7
71 111 7
20 114 7
72 23 3
85 106 3
24 94 1
25 101 9
83 86 8
36 12 2
24 18 1
49 70 2
55 58 4
61 66 3
1 86 2
77 80 9
24 103 1
13 79 2
12 62 2
28 113 1
121 107 7
49 90 8
103 116 6
72 82 4
58 31 4
105 110 3
36 23 4
1 21 5
18 88 1
20 22 8
84 96 1
20 105 5
112 87 1
93 59 4
104 120 8
95 79 5
91 53 6
59 71 1
77 123 8
45 94 7
5 17 7
12 119 7
27 38 7
13 53 3
119 27 3
123 120 2
20 96 5
108 85 4
108 59 1
87 19 9
10 109 5
112 86 4
112 99 6
97 86 2
39 85 8
12 97 5
89 24 6
74 105 7
41 93 6
76 40 8
23 1 9
3 75 4
103 44 1
72 28 9
56 22 7
0 30 4
123 3 4
48 61 3
85 42 8
17 49 2
34 93 8
31 5 2
91 82 4
30 35 1
115 110 1
84 9 3
60 27 8
38 6 9
120 62 4
92 119 4
32 78 2
42 36 6
74 10 9
90 28 3
120 102 2
21 28 9
102 99 8
56 88 4
41 102 2
11 49 9
19 68 9
60 33 1
13 41 2
4 62 1
73 122 1
31 49 6
94 31 8
115 31 9
104 47 4
48 56 3
76 75 5
67 4 6
4 118 1
40 51 2
39 57 5
36 51 4
111 55 8
85 43 6
2 80 6
76 4 3
101 35 3
40 3 5
77 68 9
11 81 3
62 71 5
65 34 1
48 84 7
31 25 5
10 27 6
114 50 2
42 110 3
4 116 1
54 10 8
34 26 9
12 13 9
65 116 2
17 40 1
50 87 6
53 8 7
7 24 4
66 46 7
5 11 1
112 84 1
107 57 5
52 46 5
111 34 9
2 7 6
115 5 5
56 63 5
48 20 6
104 62 7
33 26 6
97 53 9
108 124 3
28 81 5
77 107 9
68 27 9
19 14 1
51 45 2
35 71 6
95 116 3
112 98 2
83 98 6
33 29 3
47 91 9
115 73 7
27 47 1
24 35 7
2 58 2
72 79 4
24 87 9
86 68 7
6 55 9
81 17 5
49 76 7
107 15 9
115 105 1
79 46 8
124 79 7
15 46 7
25 111 5
3 26 2
9 109 8
36 43 3
8 119 1
10 20 2
33 91 9
31 90 3
92 88 7
46 90 5
70 50 1
81 112 6
94 22 4
77 33 1
13 0 7
88 108 5
117 118 5
40 5 8
36 120 8
5 104 1
31 42 4
119 43 5
58 84 2
71 47 8
2 34 9
9 117 2
92 106 2
65 51 7
65 32 5
33 99 8
8 94 5
32 123 9
86 40 9
43 100 3
10 23 4
7 76 1
8 33 1
122 51 3
15 47 3
33 72 5
19 24 6
56 81 3
93 84 1
87 4 3
115 14 2
41 44 6
38 50 4
116 13 4
77 92 9
25 4 8
22 24 2
14 89 4
101 46 4
20 116 5
27 14 2
1 91 3
7 81 6
94 41 9
107 90 1
51 100 2
90 94 5
109 97 4
53 55 4
38 3 7
11 27 9
99 41 2
37 20 8
0 116 9
108 41 3
85 118 6
124 104 8
103 17 2
71 70 4
31 79 3
100 10 3
69 17 4
30 20 8
12 19 3
20 54 3
62 67 6
11 90 5
102 25 5
108 78 1
90 75 5
67 43 7
27 53 5
9 97 7
84 64 2
114 98 4
18 9 6
5 71 1
71 91 6
35 105 6
98 73 4
68 96 8
5 44 5
21 98 2
20 77 5
75 35 4
84 94 2
27 71 5
19 75 5
89 94 9
28 26 5
106 44 5
98 2 8
88 100 3
62 59 8
79 30 7
8 67 2
112 18 4
82 4 4
17 97 2
2 95 2
101 4 8
7 78 5
76 80 3
58 41 8
121 9 1
71 7 6
10 75 7
40 8 4
17 102 8
35 104 9
62 115 5
120 100 4
58 35 8
70 28 8
86 6 1
0 104 8
84 68 7
103 113 7
56 41 3
48 57 7
65 19 6
124 39 9
57 93 9
70 95 5
114 32 5
110 3 9
48 89 1
82 80 5
110 32 3
33 28 5
34 113 4
57 83 8
37 29 1
57 108 2
110 10 8
31 103 5
34 76 9
33 52 1
27 54 7
24 66 3
73 92 4
124 68 2
33 3 4
0 3 2
88 48 2
92 67 8
9 58 8
120 112 2
87 64 5
56 113 1
30 60 6
2 55 1
74 99 3
91 7 8
83 80 3
90 47 5
123 23 6
77 19 9
101 84 8
29 53 6
44 31 4
12 60 6
108 9 5
58 19 6
21 89 3
54 82 5
6 73 7
96 57 5
12 76 5
99 11 6
13 27 9
99 71 2
44 118 9
112 38 5
99 21 7
120 82 5
84 52 3
90 17 9
27 101 5
53 121 3
75 23 8
93 121 2
56 59 2
72 105 7
17 79 2
72 88 8
96 52 2
77 106 9
102 116 3
31 56 8
53 82 6
54 67 8
110 82 2
117 121 9
123 28 1
37 107 5
14 106 4
1 20 4
107 53 7
27 100 7
75 21 2
1 54 4
24 78 1
94 15 2
84 50 2
111 116 6
46 110 3
30 67 4
13 6 4
83 53 6
60 86 2
81 16 9
25 116 3
106 95 6
102 114 6
58 33 1
44 79 1
13 23 8
21 71 4
67 42 2
39 0 1
52 59 3
94 104 5
111 123 4
33 41 8
40 26 8
98 88 5
97 37 1
41 47 5
119 102 7
32 62 3
26 108 1
20 44 7
88 8 6
29 72 3
45 97 1
91 41 6
62 121 9
83 38 1
64 1 3
69 106 2
67 105 4
67 122 1
123 56 6
99 18 9
82 87 7
123 14 5
21 93 2
6 71 1
108 54 1
84 91 3
99 47 4
17 92 1
102 109 6
4 113 2
69 102 4
46 32 1
90 19 6
95 20 6
123 91 1
17 115 3
117 57 8
15 91 1
6 44 7
35 95 9
115 25 4
90 1 7
94 92 5
84 90 3
24 67 7
62 5 4
87 81 6
104 31 8
71 64 1
62 101 4
13 16 8
36 21 5
122 86 2
103 67 8
98 62 1
105 61 5
61 32 7
89 57 1
1 101 1
57 90 7
6 32 3
103 0 6
117 58 4
4 57 3
92 0 6
63 42 9
61 8 3
76 93 5
12 48 7
100 24 2
86 114 4
18 28 2
20 18 1
109 123 4
53 79 6
10 79 8
50 82 4
75 95 7
90 68 6
54 64 2
26 21 9
114 56 4
17 54 6
68 103 9
78 74 3
3 88 7
71 104 2
23 62 9
21 86 1
103 8 9
87 74 9
67 90 3
107 10 7
119 44 6
53 16 9
43 102 3
40 84 7
10 60 2
102 35 8
63 17 8
51 2 8
1 102 6
5 21 7
107 102 2
4 34 6
59 111 5
90 92 5
88 75 1
31 112 7
89 78 1
112 45 2
16 95 4
35 111 2
40 68 2
92 34 2
87 123 6
66 90 2
89 55 2
68 118 4
88 33 1
3 41 7
39 52 2
111 21 9
62 123 4
52 88 5
98 50 7
35 63 8
120 110 2
81 121 1
7 118 1
56 51 6
91 48 8
47 1 7
55 106 8
21 6 1
92 117 3
1 5 3
36 0 6
32 92 3
5 80 4
88 32 7
26 61 4
60 17 4
107 44 9
78 34 8
105 45 9
23 19 1
33 24 5
22 122 1
13 81 8
75 14 1
109 84 5
100 49 2
23 68 3
85 5 4
106 51 9
78 94 2
18 56 3
22 38 8
70 31 1
111 39 5
48 96 5
64 72 5
28 16 8
102 96 5
22 121 8
86 50 7
94 52 7
65 24 7
122 118 9
21 69 6
58 7 4
71 97 5
97 36 8
110 11 9
44 89 3
84 59 7
120 16 4
47 63 2
79 33 7
3 16 4
113 70 5
92 120 2
2 72 8
99 121 6
55 95 7
105 109 1
107 7 6
106 4 5
71 19 4
88 77 3
4 31 8
117 113 4
82 90 2
100 111 1
96 77 1
42 88 5
65 120 1
17 83 4
90 120 9
119 89 9
74 112 2
73 113 1
3 70 5
34 46 8
68 70 5
29 39 9
82 112 4
5 29 3
124 102 3
68 113 4
67 50 7
49 106 6
110 66 8
71 51 6
26 12 1
80 23 8
102 11 2
30 66 1
16 67 8
62 16 8
55 112 9
91 94 8
80 79 4
117 124 2
82 62 5
2 47 8
121 69 9
1 96 6
24 47 2
78 86 5
86 111 2
86 13 3
95 87 4
0 32 8
17 119 7
8 65 9
28 114 5
42 109 7
36 65 4
110 123 7
114 26 4
72 114 2
28 69 3
33 0 3
116 3 9
105 80 4
82 66 6
2 111 3
46 40 9
10 84 5
89 1 4
86 115 8
115 48 3
23 99 8
93 112 9
87 45 8
79 107 5
44 53 9
37 33 5
41 21 6
76 22 9
21 87 3
112 11 5
106 60 5
5 107 5
46 33 8
95 58 7
29 6 8
38 7 7
3 23 6
49 65 2
48 15 8
42 25 6
122 35 2
57 42 8
25 36 5
25 112 2
21 103 7
25 58 9
94 100 7
76 58 2
6 54 2
22 11 2
120 95 9
98 95 1
78 79 5
21 10 9
38 103 8
26 75 8
109 5 1
59 8 7
108 69 8
37 96 6
70 108 7
67 112 9
122 43 4
26 95 7
82 97 2
96 107 3
106 67 1
70 26 8
30 38 7
96 71 8
59 49 8
10 114 2
62 51 3
32 14 1
72 0 9
62 76 8
0 78 5
19 91 3
84 107 9
20 67 3
32 35 4
89 85 5
124 99 2
77 54 1
90 87 2
85 122 1
17 38 1
107 56 4
12 1 3
80 93 5
62 46 9
51 63 9
13 4 1
24 52 8
85 18 5
85 79 8
26 68 5
0 21 5
98 34 8
26 35 9
111 38 7
19 33 2
77 15 5
2 54 6
67 31 9
109 44 1
4 36 7
120 77 6
112 62 2
45 2 8
95 34 1
38 31 3
68 46 8
19 1 3
87 8 5
67 39 1
79 118 2
24 23 3
80 68 1
112 30 8
89 61 6
44 59 8
94 80 9
80 38 3
77 49 4
27 65 7
108 111 5
18 71 6
4 30 1
46 87 6
120 11 9
73 68 9
81 109 9
20 98 3
105 30 5
76 116 4
74 101 2
9 40 9
10 28 3
10 63 6
30 56 4
104 92 8
52 62 3
82 59 8
112 65 1
101 61 4
82 95 7
74 23 3
100 0 2
121 26 2
21 77 9
118 119 7
15 109 4
9 77 5
31 40 4
102 123 7
67 108 3
42 55 6
119 60 8
49 54 6
104 113 8
64 112 5
91 115 8
74 2 7
39 81 4
22 57 1
76 13 8
6 120 8
63 49 3
23 0 4
27 110 5
88 86 8
63 120 1
90 32 3
92 99 9
29 83 4
78 115 6
80 85 4
24 113 6
106 61 4
90 62 8
114 93 3
20 75 5
122 99 6
33 55 6
98 105 6
14 87 2
14 62 4
121 112 4
118 5 6
60 7 3
100 119 5
43 44 1
121 3 3
70 105 5
120 105 2
87 108 6
123 49 9
63 81 8
30 109 1
28 105 3
29 21 6
102 80 9
21 3 5
39 13 6
44 73 3
49 13 7
100 21 7
9 91 7
12 6 4
108 24 8
60 11 2
115 97 4
52 89 1
99 101 2
25 90 1
37 63 4
49 9 6
27 67 4
76 95 7
124 96 7
98 32 8
19 76 9
105 57 2
35 86 9
18 93 6
25 3 5
103 115 8
39 11 4
48 11 5
73 55 9
43 32 9
88 22 3
68 21 2
31 46 6
61 47 2
38 97 5
89 51 4
107 82 8
55 25 1
61 3 3
54 35 7
81 43 9
79 57 1
124 18 4
6 25 1
37 117 3
111 93 4
22 46 4
29 2 8
53 54 3
76 111 6
103 102 6
21 90 3
26 87 2
58 49 9
31 81 4
49 21 6
82 11 5
89 98 2
25 43 5
38 34 7
83 66 5
27 6 9
86 16 9
84 77 2
1 75 2
107 83 7
99 5 7
93 39 2
89 79 4
30 99 6
23 49 5
64 19 8
2 105 4
57 122 4
1 22 8
36 96 7
124 80 9
104 111 7
100 118 9
19 34 8
27 80 7
80 61 5
55 80 7
121 79 7
66 0 2
79 115 1
121 115 7
38 2 3
111 118 8
112 36 2
99 59 5
77 28 5
83 109 6
3 85 6
61 39 9
19 96 7
33 93 2
17 51 9
79 4 4
80 17 9
99 113 4
29 47 9
50 59 2
48 102 8
9 64 7
70 38 2
15 97 5
53 101 1
48 2 4
90 89 4
35 61 8
45 9 2
115 83 7
6 68 6
109 63 8
78 99 3
114 100 2
72 20 1
111 26 1
66 8 2
118 57 9
38 57 7
76 37 3
1 15 9
88 71 1
8 78 3
7 105 9
115 109 2
26 49 3
81 88 2
107 2 3
82 86 9
82 2 7
43 55 5
77 83 2
62 27 1
75 59 7
49 2 8
14 66 5
109 104 9
52 35 6
56 92 9
13 84 1
15 112 3
68 32 9
90 81 6
62 64 5
21 37 3
6 95 2
62 36 5
73 13 8
44 33 4
98 110 7
58 51 8
109 33 4
58 18 3
6 69 8
37 18 4
53 38 2
35 73 5
106 36 2
39 28 5
10 44 7
124 118 4
16 6 3
42 92 3
115 77 9
82 101 9
96 95 2
117 3 5
83 46 3
29 8 2
16 51 3
13 32 9
119 76 3
78 49 5
45 82 8
100 113 6
82 102 9
37 106 5
99 108 2
116 32 6
18 29 3
19 85 6
107 35 5
13 72 2
82 77 8
106 86 8
20 99 8
83 99 8
39 115 3
31 118 4
109 60 9
5 27 8
109 27 2
31 64 3
22 86 4
115 87 2
7 93 5
42 60 2
118 48 8
122 92 5
85 22 6
74 61 8
70 85 7
64 59 9
54 118 5
67 59 8
34 48 7
35 22 1
112 83 2
30 57 7
82 70 5
102 115 3
49 95 9
100 123 9
37 24 2
92 61 8
32 37 6
113 75 3
97 1 1
9 98 9
93 120 1
10 73 8
69 44 6
44 75 6
15 51 6
116 6 4
52 79 3
123 15 4
34 79 3
98 16 3
15 43 1
17 108 7
106 110 2
109 85 5
31 2 4
88 60 1
34 17 9
69 75 6
48 71 6
55 79 9
16 88 9
45 52 1
15 102 1
117 67 2
114 29 8
84 43 8
72 86 8
24 5 2
114 43 8
42 39 3
13 29 1
28 100 5
116 47 6
40 60 8
100 91 2
66 105 6
107 0 4
92 97 8
26 39 2
73 81 4
94 86 9
113 82 8
18 81 7
88 84 8
57 123 6
28 54 9
30 87 5
37 47 9
58 68 1
84 42 4
22 36 6
36 3 2
103 66 5
59 109 4
24 36 1
20 4 5
58 83 4
72 5 6
4 3 9
3 30 3
42 27 7
21 17 9
4 28 9
44 37 9
21 122 4
89 73 1
39 8 7
100 61 9
83 9 3
78 4 9
116 46 9
40 35 5
58 65 3
17 28 3
89 124 2
23 79 8
68 47 5
51 90 9
81 30 9
93 28 8
3 14 6
80 66 4
62 41 9
35 8 6
25 71 9
107 68 6
95 22 4
83 111 8
36 14 4
83 69 1
45 70 8
20 108 8
39 46 3
16 44 5
104 121 4
72 91 5
99 34 2
71 8 8
62 70 6
2 88 8
15 57 6
82 48 9
63 119 6
51 11 7
93 1 6
9 65 8
123 59 9
3 108 9
56 7 1
102 38 4
8 91 7
14 17 8
76 64 4
120 52 3
6 121 2
22 6 8
82 93 8
86 7 8
116 109 3
9 54 4
58 5 2
18 64 2
78 93 2
30 47 9
55 8 3
109 69 2
32 77 5
33 39 4
10 46 9
60 26 8
116 42 6
26 59 3
86 117 3
67 74 9
66 76 5
93 67 5
117 10 2
63 28 4
118 34 1
37 66 2
102 33 9
64 11 1
36 109 1
120 114 2
70 78 6
112 26 4
112 12 2
104 14 8
78 85 1
15 108 4
104 15 8
115 47 7
58 15 9
32 1 4
43 68 6
81 60 9
97 74 6
59 29 9
33 78 3
31 39 7
26 29 1
9 22 9
60 32 1
37 25 6
85 15 9
90 69 3
70 79 6
45 124 9
32 118 4
74 30 6
24 123 4
17 117 1
58 115 9
115 60 1
100 20 6
50 39 7
4 112 4
53 84 6
52 57 7
109 95 2
82 69 1
16 121 8
103 37 5
44 57 7
15 18 5
26 27 5
64 107 3
45 25 4
36 47 8
1 56 4
118 20 4
120 108 6
70 60 6
70 99 5
5 86 5
123 90 3
49 69 4
14 43 8
24 90 4
2 122 5
7 49 3
71 122 8
54 60 6
40 7 5
120 101 5
24 92 2
2 101 4
46 16 5
20 78 2
80 108 8
56 102 9
109 80 2
47 94 4
83 82 7
102 37 1
96 29 5
2 36 1
91 21 2
61 13 8
41 89 8
44 70 1
122 98 1
39 34 9
63 65 2
9 68 6
23 73 5
99 22 6
65 38 8
89 69 5
107 86 6
82 55 6
111 0 7
98 56 2
31 57 8
6 117 4
30 1 3
67 63 9
21 70 7
50 75 9
54 72 6
95 23 1
34 94 9
24 70 1
10 31 3
103 15 6
70 66 8
47 16 6
94 10 3
63 121 1
112 80 5
81 65 2
53 52 6
5 106 1
63 66 3
11 86 9
25 54 9
95 73 1
82 0 4
36 38 2
1 110 3
58 80 3
122 81 5
78 121 4
14 28 3
113 45 4
9 28 8
56 10 2
77 7 5
114 106 6
65 96 8
114 117 7
51 32 9
109 49 7
1 53 9
118 80 5
115 21 3
67 107 1
45 68 9
89 63 5
7 29 4
49 94 7
17 101 8
37 70 3
109 82 3
106 8 7
80 121 3
28 41 1
54 88 7
58 22 3
89 8 6
98 14 3
22 66 1
43 58 5
103 43 9
121 2 1
59 40 8
103 100 3
5 63 3
44 98 1
106 100 4
6 64 7
60 23 3
86 23 6
35 27 3
44 47 9
69 95 5
8 58 1
17 62 7
77 67 9
79 50 8
46 53 9
18 25 7
48 6 5
62 74 5
109 62 1
77 31 4
81 25 7
87 84 3
119 40 6
32 34 3
19 107 4
42 51 8
70 56 2
15 82 2
79 7 7
40 38 1
31 88 6
84 113 7
18 75 8
40 62 7
60 107 6
49 105 9
11 37 7
16 42 7
10 7 1
111 67 7
32 47 7
29 0 5
3 122 7
73 5 8
48 27 6
71 53 8
49 119 1
68 14 4
99 45 3
96 34 4
73 77 8
68 116 3
29 46 3
100 117 8
92 1 4
11 0 6
64 80 5
98 31 3
103 22 1
31 9 5
35 29 3
110 26 9
15 96 6
103 80 8
20 63 1
34 12 6
34 40 4
23 110 5
53 30 4
43 24 8
78 41 7
73 33 1
5 33 6
8 36 5
101 70 3
83 42 2
22 107 4
114 119 2
39 98 4
18 66 2
40 111 7
120 98 1
74 91 9
75 115 6
73 75 6
27 39 9
0 24 9
73 19 7
73 101 4
56 34 3
38 116 1
41 86 6
107 89 2
100 66 2
4 80 1
66 73 6
103 61 1
48 117 7
4 18 9
114 88 1
50 88 1
14 45 9
95 72 2
17 26 6
8 107 5
25 41 1
104 82 5
75 47 8
123 12 8
112 106 9
77 91 3
75 72 4
124 120 2
110 15 3
118 93 7
79 41 1
19 29 7
40 1 5
79 114 5
6 81 6
41 19 5
1 78 1
30 6 2
76 89 3
40 97 6
12 65 1
29 71 1
53 87 9
37 69 9
71 117 3
44 38 1
1 33 5
87 91 7
53 43 7
112 56 5
34 18 9
68 109 7
24 93 7
63 1 1
103 63 9
74 18 6
102 98 5
104 63 7
12 77 4
50 25 1
53 119 5
10 70 5
70 52 4
109 40 9
14 4 8
71 28 3
19 5 8
50 51 8
69 66 8
106 43 7
14 0 8
124 115 5
72 48 8
78 123 3
27 72 8
4 70 1
21 123 8
42 22 7
22 39 6
82 76 1
51 97 5
61 64 7
22 73 2
54 102 7
6 112 7
6 79 1
116 86 1
92 93 2
114 35 9
119 87 3
55 68 4
34 3 1
47 7 3
61 50 3
22 68 8
66 57 4
4 115 6
107 106 3
46 41 5
61 51 5
76 124 2
122 45 1
44 67 5
76 78 7
97 110 4
102 2 6
19 80 1
80 97 1
123 114 5
71 69 9
63 22 5
92 54 9
73 56 8
48 14 3
92 91 1
86 25 4
89 2 6
88 73 4
111 10 8
87 6 7
1 122 7
65 30 3
101 37 8
54 45 1
74 22 1
97 7 8
51 25 1
2 71 8
50 100 5
8 57 8
91 93 3
61 11 3
73 78 2
79 24 6
27 78 4
3 46 5
19 28 9
34 69 8
84 103 6
21 32 7
80 73 9
14 111 2
36 49 9
33 38 6
62 68 5
56 103 4
43 12 6
38 8 7
55 118 4
94 37 8
121 12 3
112 77 8
122 56 8
96 97 1
76 84 7
96 14 5
11 24 4
98 119 4
23 90 5
115 64 4
3 102 1
99 89 8
78 69 4
36 111 7
122 28 3
22 72 8
10 71 1
109 43 8
123 44 6
105 92 6
6 100 9
13 99 3
49 88 1
85 88 6
76 48 7
101 78 8
118 120 3
110 86 8
17 52 1
34 44 9
13 52 9
119 124 6
1 66 9
115 107 8
101 72 2
101 106 9
2 37 3
83 28 6
81 80 7
4 60 2
24 105 8
105 79 7
16 69 5
24 61 7
76 67 7
21 64 1
67 48 6
3 94 4
42 0 5
117 51 1
121 0 1
36 107 6
52 30 8
124 113 1
66 40 3
26 1 8
114 59 2
81 96 9
10 50 8
70 18 8
40 112 3
84 104 1
111 120 9
63 99 5
95 14 8
107 30 5
36 117 6
61 0 2
67 34 2
103 58 9
83 85 6
11 83 5
80 42 7
88 104 1
86 9 3
62 113 5
38 122 9
91 99 3
64 109 5
85 63 5
86 48 6
47 22 7
83 47 1
96 92 7
102 36 1
2 13 9
58 24 8
90 54 5
98 65 2
59 0 6
97 81 6
16 70 3
122 110 9
57 99 1
88 7 3
23 37 4
116 72 4
43 96 1
45 89 9
39 72 2
98 28 2
6 115 7
10 32 6
119 24 6
10 53 9
68 104 6
70 35 2
59 38 2
101 15 6
122 31 8
98 4 9
33 43 5
12 100 8
76 36 4
64 94 6
57 2 5
15 59 7
49 114 5
15 61 1
83 73 6
19 61 7
32 31 9
53 89 5
52 72 8
106 120 7
66 10 4
19 74 7
45 37 8
53 123 5
69 74 5
122 59 4
59 100 8
114 45 6
91 57 7
2 65 4
115 90 9
12 69 3
73 8 7
43 97 6
66 106 1
83 30 2
112 7 9
22 118 6
106 79 9
17 66 5
110 20 6
73 3 2
67 52 6
100 34 3
18 52 6
90 13 8
111 28 2
79 110 2
53 113 4
43 50 3
28 40 6
47 31 4
62 48 4
106 52 4
35 21 2
100 70 6
6 66 7
31 123 8
82 106 6
66 21 5
91 39 1
92 46 2
38 19 6
118 11 5
118 18 7
40 57 3
70 121 1
108 98 5
57 59 6
87 16 9
53 23 6
90 106 4
69 25 2
26 53 4
55 94 3
9 43 9
14 31 5
61 69 2
28 67 8
109 29 2
44 110 3
55 12 4
50 4 1
86 92 8
10 37 3
74 102 8
111 66 8
80 116 1
118 25 7
86 3 1
100 38 4
32 101 8
82 85 4
71 93 8
45 26 6
12 38 7
58 10 7
51 107 6
59 31 8
116 119 7
28 121 5
60 51 4
56 37 3
44 18 8
86 37 6
46 75 4
65 43 3
18 31 9
18 47 8
18 98 8
122 74 7
13 42 3
7 96 8
47 67 1
61 28 8
96 73 5
35 56 4
27 115 7
16 93 5
11 71 7
28 47 2
7 116 4
109 16 5
37 46 7
57 92 7
77 75 2
67 115 8
95 56 6
98 64 3
37 73 4
111 24 6
46 107 1
17 98 6
2 76 7
24 91 6
66 36 9
15 5 1
44 62 4
103 114 7
8 101 6
85 52 9
46 14 9
56 9 6
96 98 7
39 21 7
45 21 3
108 39 5
53 14 8
90 52 7
73 14 9
109 1 8
79 2 6
47 54 1
107 6 8
35 3 9
33 101 4
29 63 2
90 96 5
84 115 8
61 10 9
64 82 9
92 66 2
79 69 9
39 74 2
111 107 9
30 50 4
98 123 4
117 123 8
118 83 7
29 102 1
105 112 5
87 49 6
101 95 4
122 69 7
93 88 2
79 74 4
21 14 4
98 33 1
101 49 8
119 80 8
66 9 7
104 26 6
28 59 7
75 119 9
51 54 4
113 109 5
122 5 1
57 43 9
46 72 5
53 35 9
84 54 6
120 60 3
84 67 2
16 85 3
11 20 8
52 41 8
110 101 7
91 103 7
46 24 2
76 17 1
100 58 3
24 77 9
21 23 9
50 37 7
13 68 2
57 12 5
4 17 1
18 45 7
48 51 6
26 25 4
97 124 4
51 83 4
25 60 3
39 75 1
14 107 4
59 83 5
102 27 2
23 71 2
75 2 9
18 107 6
2 3 2
8 124 3
24 112 6
121 75 6
48 119 7
13 89 2
89 26 7
90 83 8
94 17 1
73 60 1
120 33 4
74 63 8
41 92 6
121 11 8
15 55 4
58 17 4
122 34 5
60 93 8
17 53 4
99 77 7
43 30 4
52 105 6
57 71 3
108 37 7
79 116 9
89 108 3
95 92 2
45 109 7
46 12 6
87 92 7
82 63 2
86 90 6
79 16 4
57 17 6
31 69 7
71 32 6
41 49 2
70 122 4
85 4 1
87 99 5
54 116 1
18 49 3
35 89 7
116 83 6
86 30 5
18 121 9
65 66 8
57 68 5
103 85 5
69 81 5
4 15 7
116 75 1
56 2 1
40 91 8
33 84 6
107 98 1
98 70 7
50 108 7
89 102 2
43 74 8
67 5 5
115 32 1
77 25 9
65 70 5
45 56 5
54 78 9
91 116 2
102 64 1
11 8 4
14 34 1
74 31 8
78 119 8
14 114 7
65 15 8
83 79 6
53 47 5
52 65 9
107 59 7
24 13 9
63 70 5
15 80 6
77 87 4
15 100 7
106 91 8
81 123 9
116 110 2
12 98 3
106 3 2
85 97 1
80 1 1
114 21 4
30 77 8
44 102 4
0 76 7
11 108 6
31 36 6
123 89 2
4 55 1
104 108 1
12 23 5
90 15 2
27 41 4
40 45 7
54 87 2
45 93 7
49 19 3
3 60 9
28 104 2
71 13 8
26 7 4
22 70 2
70 90 8
13 62 1
30 100 9
94 60 3
18 39 1
85 73 1
36 91 1
87 94 4
10 105 2
9 75 6
107 42 5
7 18 7
58 66 8
74 65 9
100 108 3
19 60 2
119 117 8
118 62 5
53 96 4
37 65 8
93 37 7
53 72 3
49 20 6
120 9 1
5 103 7
71 52 3
86 79 6
90 79 5
2 103 6
9 85 9
40 118 5
24 51 7
45 118 1
90 113 8
27 29 7
119 15 4
101 83 2
91 85 9
116 108 4
8 12 3
103 55 5
87 43 6
104 91 7
25 16 2
7 1 8
2 23 6
55 54 7
109 75 6
48 23 7
6 10 3
51 120 2
3 89 1
113 39 7
11 58 1
25 0 3
51 72 9
116 15 4
124 78 8
39 105 3
51 13 5
40 87 1
87 70 6
31 54 6
26 38 9
76 51 3
118 14 9
92 65 9
39 19 1
93 26 2
27 112 9
40 13 9
3 29 6
17 109 3
106 105 7
16 30 6
17 43 3
98 60 3
56 110 5
109 34 5
90 12 3
103 28 1
116 18 1
87 100 7
41 74 6
19 40 7
23 44 8
76 9 8
21 60 8
13 33 9
61 20 2
11 79 1
49 75 5
86 54 8
59 7 9
1 98 9
78 110 4
44 9 4
13 74 9
121 60 9
64 7 1
58 109 7
32 91 6
88 26 7
88 12 4
69 4 7
30 115 8
39 45 9
71 1 6
111 119 4
110 112 4
19 66 7
34 30 5
27 44 8
108 74 1
94 73 2
9 72 3
117 52 2
57 104 4
25 124 8
47 10 5
45 81 4
57 27 1
49 48 1
7 42 8
98 78 9
5 121 7
38 67 5
16 99 9
105 59 1
102 47 7
41 31 3
108 103 3
46 26 2
81 57 6
20 17 7
78 81 2
61 7 9
100 52 1
2 53 9
91 30 7
87 37 1
23 124 4
116 61 8
45 61 7
70 53 2
15 60 2
36 13 6
74 75 3
69 48 4
112 21 8
73 74 8
8 6 3
99 44 8
96 23 6
29 70 6
8 63 5
0 71 5
79 113 1
88 41 4
109 28 9
2 110 6
29 28 2
112 48 2
39 55 3
86 118 2
99 103 2
99 54 2
50 15 8
2 33 7
76 11 8
58 52 6
74 104 7
52 107 5
7 89 4
56 21 2
91 34 1
76 87 6
54 103 5
111 11 3
117 43 1
79 12 7
104 107 1
31 24 2
37 91 5
15 33 2
88 115 9
74 37 1
72 58 3
100 83 4
6 28 7
117 32 7
61 60 5
83 123 2
11 88 9
36 98 1
98 124 4
75 81 9
81 53 4
7 114 4
51 4 6
87 121 5
22 90 8
71 14 8
71 109 8
12 73 6
64 53 2
22 64 7
41 61 1
123 67 8
69 100 4
103 79 7
3 47 7
69 91 8
28 86 6
88 24 9
27 61 9
117 8 9
6 33 8
81 10 7
123 95 8
108 31 8
14 67 2
37 59 5
55 105 1
53 59 7
86 101 4
117 90 8
7 123 1
90 64 5
93 61 1
48 107 2
23 84 9
105 65 3
43 111 5
33 119 4
106 62 1
14 18 3
111 54 4
76 23 4
27 89 7
49 56 3
78 3 7
67 15 9
35 81 4
113 102 6
100 107 7
37 113 7
90 102 5
38 118 5
10 36 1
80 37 4
50 44 9
80 111 3
37 105 6
74 81 8
83 119 9
20 66 9
23 82 5
97 77 5
112 50 7
16 91 4
84 114 2
46 51 2
108 45 5
65 86 4
79 51 3
94 23 9
84 7 6
120 47 1
96 106 4
80 75 3
72 31 5
102 70 4
112 75 6
3 82 9
36 105 6
6 74 4
112 34 8
0 46 6
15 38 5
20 73 1
75 36 5
23 83 5
31 35 7
58 124 7
84 72 4
53 115 8
40 14 6
50 76 1
115 38 2
27 73 1
16 12 1
39 47 4
12 35 6
33 35 6
35 11 8
95 66 8
32 75 7
79 61 5
16 74 2
101 79 3
101 51 9
77 114 5
50 90 2
62 0 1
54 79 2
10 43 9
29 87 5
8 121 8
59 70 6
48 55 6
103 60 6
84 14 9
106 16 5
94 77 6
0 85 7
4 88 8
2 77 9
35 14 5
123 27 9
4 9 7
20 34 2
4 6 3
12 30 9
32 105 3
26 11 5
74 98 3
24 59 6
111 92 9
110 80 6
12 124 1
98 104 1
39 43 6
29 121 8
97 105 8
101 54 6
33 45 2
82 71 9
61 123 9
93 64 6
83 81 5
7 110 3
12 114 5
65 47 8
113 3 4
34 60 2
45 84 7
120 85 9
20 102 5
96 3 2
101 85 8
121 24 8
96 16 5
25 64 2
29 57 1
21 84 9
44 7 7
112 32 9
119 51 9
93 8 5
43 95 5
61 112 9
108 106 4
68 88 3
65 122 6
40 65 7
114 16 2
120 122 5
66 72 5
73 34 6
0 89 1
81 34 3
118 87 2
117 5 7
95 44 9
80 47 5
61 33 1
2 60 2
64 89 5
49 57 5
95 114 5
6 63 9
90 114 5
61 85 3
41 96 7
92 4 1
50 11 3
55 76 5
21 22 9
99 106 8
92 26 5
17 95 6
89 72 9
91 67 7
43 71 5
121 74 1
43 66 4
65 109 2
36 84 4
101 113 1
35 0 8
29 51 8
104 100 9
77 42 1
42 11 3
64 36 3
0 31 7
62 11 8
81 24 9
37 67 2
99 84 3
52 108 3
117 23 7
41 97 7
110 65 5
0 54 9
33 16 7
109 93 1
107 23 4
103 64 1
106 115 4
57 37 1
100 63 8
50 103 4
0 90 1
76 106 9
76 118 1
102 60 4
57 120 6
58 102 4
17 24 4
108 93 9
15 25 8
50 26 2
6 35 4
85 33 2
59 25 3
33 70 9
107 74 6
75 28 8
123 85 2
35 88 3
1 79 3
82 60 1
44 124 4
18 62 5
116 120 7
85 100 8
32 93 5
65 22 5
121 109 3
60 110 1
48 81 2
23 15 3
23 92 6
99 110 4
28 58 7
21 107 3
107 112 3
13 91 5
70 64 4
104 6 4
112 23 8
21 118 2
111 89 8
101 0 1
116 105 9
4 91 5
78 29 1
113 112 4
51 74 4
98 115 1
4 23 6
46 86 5
109 57 8
12 111 6
13 122 7
60 78 3
41 111 6
59 96 1
92 43 9
23 18 4
21 61 2
44 2 3
21 72 9
103 70 8
113 2 6
67 66 3
119 35 1
54 13 2
109 122 5
86 19 8
24 15 1
60 112 4
45 49 5
71 110 8
63 90 7
102 26 3
66 52 1
74 83 7
119 68 5
46 57 4
33 65 1
100 48 7
109 110 5
47 58 4
22 44 6
78 36 8
76 21 8
5 47 1
111 48 3
39 82 1
64 33 8
104 44 1
92 121 8
35 47 6
4 123 3
98 68 2
50 32 4
107 116 9
96 79 5
76 71 5
77 110 3
100 84 2
52 82 8
115 123 7
42 5 6
86 89 2
97 56 6
119 113 1
35 90 3
68 0 9
61 120 2
12 58 6
97 111 4
44 49 2
48 114 5
92 36 6
122 88 5
42 113 3
84 5 4
67 69 5
22 87 2
66 26 6
9 102 8
104 19 4
104 97 9
55 87 6
43 98 3
62 26 3
99 19 2
82 67 1
10 51 4
29 115 2
70 76 6
77 63 2
43 4 6
51 124 8
120 69 8
113 93 5
96 105 6
59 116 9
78 71 5
86 109 8
108 10 6
23 33 5
84 38 8
25 74 4
41 23 5
109 54 8
96 87 1
67 118 7
97 39 8
98 46 4
54 85 7
89 68 9
79 82 5
66 62 7
43 18 5
115 81 5
83 54 7
13 101 6
13 104 1
50 47 2
118 82 7
104 39 7
93 31 2
0 99 6
67 1 5
95 118 8
77 122 9
122 7 5
89 70 1
25 84 4
38 68 4
5 96 6
37 42 2
47 100 7
1 49 2
57 101 8
8 52 3
74 47 4
41 2 6
83 94 2
19 37 4
76 72 5
98 37 7
10 64 4
43 77 4
16 29 7
11 30 3
13 11 4
26 52 3
75 94 7
68 120 3
121 13 8
46 67 4
73 118 2
44 84 7
91 11 1
69 43 4
87 80 9
55 52 7
57 34 7
112 85 6
118 58 7
104 66 9
97 59 8
124 26 1
2 6 4
33 97 9
5 78 2
15 56 2
15 28 1
71 56 7
122 89 5
15 63 9
45 23 1
124 114 1
9 90 9
78 113 6
105 117 8
79 93 7
89 88 2
119 62 8
6 90 6
13 109 7
69 5 4
52 86 9
39 80 4
0 95 1
104 17 3
76 108 6
1 55 8
2 12 7
60 1 4
97 87 5
96 100 1
44 35 2
11 25 8
4 42 2
90 124 5
97 121 7
61 9 8
33 10 5
59 117 7
28 60 9
48 53 6
53 62 4
94 26 1
77 100 9
52 69 1
3 118 7
82 56 2
114 58 6
76 61 2
102 46 3
15 40 5
11 21 6
66 97 1
33 34 5
36 119 8
43 123 1
36 123 4
38 25 8
69 58 1
86 45 8
23 25 2
40 81 7
26 48 7
120 88 6
67 21 9
72 15 1
64 91 2
62 47 8
57 18 5
9 13 9
121 82 8
66 51 2
103 89 7
102 110 1
74 68 5
60 13 3
82 68 7
110 64 5
93 30 6
94 51 9
85 119 1
106 78 6
87 83 7
84 39 1
63 3 3
84 79 6
85 84 8
50 78 8
106 26 4
27 59 1
35 118 9
38 55 3
51 43 5
111 79 6
5 93 1
84 18 5
25 100 1
1 82 8
44 46 3
51 53 7
58 26 3
7 120 2
124 48 3
20 65 9
21 117 3
62 20 5
52 19 3
49 82 6
45 106 8
53 31 9
97 44 8
105 100 2
20 16 6
23 106 9
22 117 4
124 111 2
9 80 9
9 42 4
48 99 6
58 1 1
94 5 5
97 123 2
9 123 8
71 68 8
106 81 2
41 117 9
98 47 5
61 96 6
35 72 1
44 21 7
16 73 9
63 18 1
10 83 8
104 27 6
77 58 5
11 95 8
96 27 9
116 30 2
69 35 4
118 78 3
101 67 2
121 124 1
22 17 7
64 95 7
41 43 7
18 38 8
82 40 1
40 73 9
14 59 2
86 31 6
37 36 3
53 45 5
88 57 2
124 4 3
40 52 5
75 54 5
104 40 2
114 15 4
83 43 9
39 116 8
18 89 7
22 102 8
116 81 5
87 38 3
91 108 5
49 97 2
51 93 5
63 61 8
120 3 6
26 57 1
104 3 4
85 32 5
104 34 4
7 28 2
85 75 7
96 114 5
45 31 9
110 114 4
97 76 6
50 122 4
42 61 2
96 55 8
13 30 2
14 76 5
99 81 8
81 108 5
94 63 9
20 36 4
80 92 5
16 55 7
102 57 8
78 58 6
0 48 1
67 23 8
100 8 3
47 79 7
77 117 7
18 27 4
58 46 5
74 76 7
100 41 3
73 49 3
22 2 4
90 72 9
40 70 8
107 124 1
4 94 3
110 50 6
54 117 2
69 26 1
19 11 1
93 70 7
30 70 7
73 2 8
41 119 6
6 77 1
38 23 6
112 109 6
23 118 6
74 54 4
12 24 1
111 46 6
59 86 5
111 44 3
12 20 8
7 22 6
115 41 2
33 11 3
86 47 2
122 39 4
64 51 2
101 16 5
55 23 3
2 14 7
31 124 1
5 23 8
3 77 2
122 27 6
46 80 1
52 50 8
67 19 6
122 124 2
27 111 8
49 8 7
86 4 2
3 98 3
111 102 9
119 38 9
110 49 1
95 28 3
8 114 2
94 42 5
96 4 4
3 105 9
112 16 2
64 52 4
108 27 9
69 33 4
107 95 4
107 39 7
